,AccountsPayableCurrent,AccountsReceivableNet,AccruedIncomeTaxesCurrent,AccruedLiabilitiesCurrent,AccumulatedDepreciationDepletionAndAmortizationPropertyPlantAndEquipment,AccumulatedOtherComprehensiveIncomeLossCumulativeChangesInNetGainLossFromCashFlowHedgesEffectNetOfTax,AccumulatedOtherComprehensiveIncomeLossDefinedBenefitPensionAndOtherPostretirementPlansNetOfTax,AccumulatedOtherComprehensiveIncomeLossForeignCurrencyTranslationAdjustmentNetOfTax,AccumulatedOtherComprehensiveIncomeLossNetOfTax,AdditionalPaidInCapitalCommonStock,AdjustmentsNoncashItemsToReconcileNetIncomeLossToCashProvidedByUsedInOperatingActivitiesOther,AdjustmentsRelatedToTaxWithholdingForShareBasedCompensation,AdjustmentsToAdditionalPaidInCapitalOther,AdjustmentsToAdditionalPaidInCapitalSharebasedCompensationRequisiteServicePeriodRecognitionValue,AdjustmentsToAdditionalPaidInCapitalTaxEffectFromShareBasedCompensation,AllocatedShareBasedCompensationExpense,AllocatedShareBasedCompensationExpenseNetOfTax,AllowanceForDoubtfulAccountsReceivableCurrent,AmortizationOfFinancingCosts,AmortizationOfFinancingCostsAndDiscounts,AmortizationOfIntangibleAssets,AntidilutiveSecuritiesExcludedFromComputationOfEarningsPerShareAmount,AssetImpairmentCharges,Assets,AssetsCurrent,AssetsFairValueDisclosure,AssetsOfDisposalGroupIncludingDiscontinuedOperation,AssetsOfDisposalGroupIncludingDiscontinuedOperationCurrent,BuildingsAndImprovementsGross,BusinessAcquisitionCostOfAcquiredEntityLiabilitiesIncurred,BusinessAcquisitionEquityInterestIssuedOrIssuableValueAssigned,BusinessAcquisitionEquityInterestsIssuedOrIssuableNumberOfSharesIssued,BusinessAcquisitionProFormaEarningsPerShareBasic,BusinessAcquisitionProFormaEarningsPerShareDiluted,BusinessAcquisitionProFormaIncomeLossFromContinuingOperationsBeforeChangesInAccountingAndExtraordinaryItemsNetOfTaxPerShareBasic,BusinessAcquisitionProFormaIncomeLossFromContinuingOperationsBeforeChangesInAccountingAndExtraordinaryItemsNetOfTaxPerShareDiluted,BusinessAcquisitionPurchasePriceAllocationCurrentAssetsPrepaidExpenseAndOtherAssets,BusinessAcquisitionPurchasePriceAllocationCurrentAssetsReceivables,BusinessAcquisitionPurchasePriceAllocationCurrentLiabilities,BusinessAcquisitionPurchasePriceAllocationDeferredIncomeTaxesAssetLiabilityNet,BusinessAcquisitionPurchasePriceAllocationGoodwillExpectedTaxDeductibleAmount,BusinessAcquisitionPurchasePriceAllocationOtherNoncurrentAssets,BusinessAcquisitionsProFormaIncomeLossFromContinuingOperationsBeforeChangesInAccountingAndExtraordinaryItemsNetOfTax,BusinessAcquisitionsProFormaNetIncomeLoss,BusinessAcquisitionsProFormaRevenue,BusinessCombinationAcquiredReceivablesEstimatedUncollectible,BusinessCombinationAcquiredReceivablesGrossContractualAmount,BusinessCombinationAcquisitionRelatedCosts,BusinessCombinationBargainPurchaseGainRecognizedAmount,BusinessCombinationConsiderationTransferred,BusinessCombinationConsiderationTransferred1,BusinessCombinationContingentConsiderationArrangementsChangeInAmountOfContingentConsiderationLiability,BusinessCombinationContingentConsiderationArrangementsChangeInAmountOfContingentConsiderationLiability1,BusinessCombinationContingentConsiderationArrangementsRangeOfOutcomesValueHigh,BusinessCombinationContingentConsiderationLiability,BusinessCombinationProFormaInformationEarningsOrLossOfAcquireeSinceAcquisitionDateActual,BusinessCombinationProFormaInformationRevenueOfAcquireeSinceAcquisitionDateActual,BusinessCombinationRecognizedIdentifiableAssetsAcquiredAndLiabilitiesAssumedCurrentAssetsPrepaidExpenseAndOtherAssets,BusinessCombinationRecognizedIdentifiableAssetsAcquiredAndLiabilitiesAssumedCurrentLiabilities,BusinessCombinationRecognizedIdentifiableAssetsAcquiredAndLiabilitiesAssumedDeferredTaxLiabilities,BusinessCombinationRecognizedIdentifiableAssetsAcquiredAndLiabilitiesAssumedIntangibleAssetsOtherThanGoodwill,BusinessCombinationRecognizedIdentifiableAssetsAcquiredAndLiabilitiesAssumedIntangibles,BusinessCombinationRecognizedIdentifiableAssetsAcquiredAndLiabilitiesAssumedInventory,BusinessCombinationRecognizedIdentifiableAssetsAcquiredAndLiabilitiesAssumedNoncurrentLiabilitiesLongTermDebt,BusinessCombinationRecognizedIdentifiableAssetsAcquiredAndLiabilitiesAssumedNoncurrentLiabilitiesOther,BusinessCombinationRecognizedIdentifiableAssetsAcquiredAndLiabilitiesAssumedOtherNoncurrentAssets,BusinessCombinationRecognizedIdentifiableAssetsAcquiredAndLiabilitiesAssumedPropertyPlantAndEquipment,BusinessCombinationRecognizedIdentifiableAssetsAcquiredGoodwillAndLiabilitiesAssumedNet,CapitalExpendituresIncurredButNotYetPaid,CapitalizedComputerSoftwareGross,CapitalLeaseObligationsIncurred,CapitalLeasesFutureMinimumPaymentsPresentValueOfNetMinimumPayments,CashAndCashEquivalentsAtCarryingValue,CashAndCashEquivalentsAtCarryingValueIncludingDiscontinuedOperations,CashAndCashEquivalentsPeriodIncreaseDecrease,CashCashEquivalentsRestrictedCashAndRestrictedCashEquivalents,CashCashEquivalentsRestrictedCashAndRestrictedCashEquivalentsPeriodIncreaseDecreaseIncludingExchangeRateEffect,CashEquivalentsAtCarryingValue,CashFlowHedgeGainLossToBeReclassifiedWithinTwelveMonths,CashProvidedByUsedInFinancingActivitiesDiscontinuedOperations,CashProvidedByUsedInInvestingActivitiesDiscontinuedOperations,CashProvidedByUsedInOperatingActivitiesDiscontinuedOperations,CommonStockParOrStatedValuePerShare,CommonStockSharesAuthorized,CommonStockSharesIssued,CommonStockSharesOutstanding,CommonStockValue,ComprehensiveIncomeNetOfTax,ComprehensiveIncomeNetOfTaxAttributableToNoncontrollingInterest,ComprehensiveIncomeNetOfTaxIncludingPortionAttributableToNoncontrollingInterest,ConstructionInProgressGross,ContractWithCustomerRefundLiability,ContractWithCustomerRightToRecoverProduct,CostOfGoodsAndServicesSold,CostOfGoodsAndServicesSoldDepreciation,CostOfGoodsAndServicesSoldDepreciationAndAmortization,CostOfGoodsSoldDepreciationAndAmortization,CurrentFederalTaxExpenseBenefit,CurrentForeignTaxExpenseBenefit,CurrentIncomeTaxExpenseBenefit,CurrentStateAndLocalTaxExpenseBenefit,CustomerRefundLiabilityCurrent,DebtAndCapitalLeaseObligations,DebtCurrent,DebtInstrumentRedemptionPricePercentage,DebtWeightedAverageInterestRate,DeferredCompensationArrangementWithIndividualCompensationExpense,DeferredFederalIncomeTaxExpenseBenefit,DeferredFinanceCostsCurrentNet,DeferredFinanceCostsGross,DeferredFinanceCostsNet,DeferredFinanceCostsNoncurrentGross,DeferredFinanceCostsNoncurrentNet,DeferredForeignIncomeTaxExpenseBenefit,DeferredIncomeTaxExpenseBenefit,DeferredIncomeTaxLiabilities,DeferredIncomeTaxLiabilitiesNet,DeferredRevenueCurrent,DeferredStateAndLocalIncomeTaxExpenseBenefit,DeferredTaxAssetsGross,DeferredTaxAssetsHedgingTransactions,DeferredTaxAssetsInventory,DeferredTaxAssetsLiabilitiesNet,DeferredTaxAssetsLiabilitiesNetCurrent,DeferredTaxAssetsLiabilitiesNetNoncurrent,DeferredTaxAssetsNet,DeferredTaxAssetsNetCurrent,DeferredTaxAssetsOperatingLossCarryforwards,DeferredTaxAssetsOther,DeferredTaxAssetsTaxCreditCarryforwards,DeferredTaxAssetsTaxDeferredExpenseCompensationAndBenefitsPostretirementBenefits,DeferredTaxAssetsTaxDeferredExpenseCompensationAndBenefitsShareBasedCompensationCost,DeferredTaxAssetsTaxDeferredExpenseReservesAndAccrualsAccruedLiabilities,DeferredTaxAssetsValuationAllowance,DeferredTaxLiabilities,DeferredTaxLiabilitiesCurrent,DeferredTaxLiabilitiesNoncurrent,DeferredTaxLiabilitiesOther,DeferredTaxLiabilitiesPropertyPlantAndEquipment,DefinedBenefitPlanAccumulatedBenefitObligation,DefinedBenefitPlanAccumulatedOtherComprehensiveIncomeBeforeTax,DefinedBenefitPlanActualReturnOnPlanAssets,DefinedBenefitPlanActualReturnOnPlanAssetsStillHeld,DefinedBenefitPlanActuarialGainLoss,DefinedBenefitPlanAmortizationOfGainsLosses,DefinedBenefitPlanAmortizationOfPriorServiceCostCredit,DefinedBenefitPlanAmountsRecognizedInBalanceSheet,DefinedBenefitPlanAssetsForPlanBenefitsNoncurrent,DefinedBenefitPlanAssumptionsUsedCalculatingBenefitObligationDiscountRate,DefinedBenefitPlanAssumptionsUsedCalculatingBenefitObligationRateOfCompensationIncrease,DefinedBenefitPlanAssumptionsUsedCalculatingNetPeriodicBenefitCostExpectedLongTermReturnOnAssets,DefinedBenefitPlanAssumptionsUsedCalculatingNetPeriodicBenefitCostRateOfCompensationIncrease,DefinedBenefitPlanBenefitObligation,DefinedBenefitPlanBenefitObligationBenefitsPaid,DefinedBenefitPlanBenefitObligationContributionsByPlanParticipant,DefinedBenefitPlanBenefitObligationPaymentForSettlement,DefinedBenefitPlanBusinessCombinationsAndAcquisitionsBenefitObligation,DefinedBenefitPlanBusinessCombinationsAndAcquisitionsPlanAssets,DefinedBenefitPlanContributionsByEmployer,DefinedBenefitPlanCurtailments,DefinedBenefitPlanExpectedAmortizationOfGainLossNextFiscalYear,DefinedBenefitPlanExpectedFutureBenefitPaymentsFiveFiscalYearsThereafter,DefinedBenefitPlanExpectedFutureBenefitPaymentsNextTwelveMonths,DefinedBenefitPlanExpectedFutureBenefitPaymentsYearFive,DefinedBenefitPlanExpectedFutureBenefitPaymentsYearFour,DefinedBenefitPlanExpectedFutureBenefitPaymentsYearThree,DefinedBenefitPlanExpectedFutureBenefitPaymentsYearTwo,DefinedBenefitPlanExpectedReturnOnPlanAssets,DefinedBenefitPlanFairValueOfPlanAssets,DefinedBenefitPlanForeignCurrencyExchangeRateChangesBenefitObligation,DefinedBenefitPlanFundedStatusOfPlan,DefinedBenefitPlanInterestCost,DefinedBenefitPlanNetPeriodicBenefitCost,DefinedBenefitPlanPensionPlansWithAccumulatedBenefitObligationsInExcessOfPlanAssetsAggregateAccumulatedBenefitObligation,DefinedBenefitPlanPensionPlansWithAccumulatedBenefitObligationsInExcessOfPlanAssetsAggregateFairValueOfPlanAssets,DefinedBenefitPlanPensionPlanWithProjectedBenefitObligationInExcessOfPlanAssetsPlanAssets,DefinedBenefitPlanPensionPlanWithProjectedBenefitObligationInExcessOfPlanAssetsProjectedBenefitObligation,DefinedBenefitPlanPlanAssetsBenefitsPaid,DefinedBenefitPlanPlanAssetsContributionsByPlanParticipant,DefinedBenefitPlanPlanAssetsForeignCurrencyTranslationGainLoss,DefinedBenefitPlanPlansWithBenefitObligationsInExcessOfPlanAssetsAggregateBenefitObligation,DefinedBenefitPlanPurchasesSalesAndSettlements,DefinedBenefitPlanRecognizedNetGainLossDueToCurtailments,DefinedBenefitPlanRecognizedNetGainLossDueToSettlements1,DefinedBenefitPlanServiceCost,DefinedBenefitPlanSettlementsPlanAssets,DefinedBenefitPlanTransfersBetweenMeasurementLevels,DepositAssets,Depreciation,DepreciationAndAmortization,DepreciationDepletionAndAmortization,DerivativeAssetsCurrent,DerivativeAssetsNoncurrent,DerivativeLiabilitiesCurrent,DerivativeLiabilitiesNoncurrent,DiscontinuedOperationGainLossFromDisposalOfDiscontinuedOperationBeforeIncomeTax,DiscontinuedOperationGainLossOnDisposalOfDiscontinuedOperationNetOfTax,DiscontinuedOperationIncomeLossFromDiscontinuedOperationBeforeIncomeTax,DiscontinuedOperationIncomeLossFromDiscontinuedOperationDuringPhaseOutPeriodBeforeIncomeTax,DiscontinuedOperationIncomeLossFromDiscontinuedOperationDuringPhaseOutPeriodNetOfTax,DiscontinuedOperationIncomeLossFromDiscontinuedOperationNetOfTaxPerBasicShare,DiscontinuedOperationIncomeLossFromDiscontinuedOperationNetOfTaxPerDilutedShare,DiscontinuedOperationTaxEffectOfDiscontinuedOperation,DiscontinuedOperationTaxEffectOfIncomeLossFromDiscontinuedOperationDuringPhaseOutPeriod,DiscontinuedOperationTaxEffectOfIncomeLossFromDisposalOfDiscontinuedOperation,DisposalGroupIncludingDiscontinuedOperationAccountsNotesAndLoansReceivableNet,DisposalGroupIncludingDiscontinuedOperationAccountsPayable,DisposalGroupIncludingDiscontinuedOperationCashAndCashEquivalents,DisposalGroupIncludingDiscontinuedOperationCostsOfGoodsSold,DisposalGroupIncludingDiscontinuedOperationDepreciationAndAmortization,DisposalGroupIncludingDiscontinuedOperationGeneralAndAdministrativeExpense,DisposalGroupIncludingDiscontinuedOperationGoodwill,DisposalGroupIncludingDiscontinuedOperationInventory1,DisposalGroupIncludingDiscontinuedOperationOperatingExpense,DisposalGroupIncludingDiscontinuedOperationOtherCurrentLiabilities,DisposalGroupIncludingDiscontinuedOperationOtherExpense,DisposalGroupIncludingDiscontinuedOperationOtherNoncurrentAssets,DisposalGroupIncludingDiscontinuedOperationOtherNoncurrentLiabilities,DisposalGroupIncludingDiscontinuedOperationPrepaidAndOtherAssets,DisposalGroupIncludingDiscontinuedOperationPropertyPlantAndEquipment,DisposalGroupIncludingDiscontinuedOperationRevenue,DisposalGroupNotDiscontinuedOperationLossGainOnWriteDown,DividendsPayableAmountPerShare,DueFromRelatedPartiesCurrent,DueToRelatedPartiesCurrent,EarningsPerShareBasic,EarningsPerShareDiluted,EffectiveIncomeTaxRateContinuingOperations,EffectiveIncomeTaxRateReconciliationAtFederalStatutoryIncomeTaxRate,EffectiveIncomeTaxRateReconciliationChangeInDeferredTaxAssetsValuationAllowance,EffectiveIncomeTaxRateReconciliationChangeInEnactedTaxRate,EffectiveIncomeTaxRateReconciliationDeductionsQualifiedProductionActivities,EffectiveIncomeTaxRateReconciliationForeignIncomeTaxRateDifferential,EffectiveIncomeTaxRateReconciliationNondeductibleExpense,EffectiveIncomeTaxRateReconciliationOtherAdjustments,EffectiveIncomeTaxRateReconciliationStateAndLocalIncomeTaxes,EffectOfExchangeRateOnCashAndCashEquivalents,EmployeeRelatedLiabilitiesCurrent,EmployeeServiceShareBasedCompensationNonvestedAwardsTotalCompensationCostNotYetRecognizedShareBasedAwardsOtherThanOptions,EmployeeServiceShareBasedCompensationTaxBenefitFromCompensationExpense,EmployeeServiceShareBasedCompensationTaxBenefitFromExerciseOfStockOptions,EquityMethodInvestmentOtherThanTemporaryImpairment,EquityMethodInvestmentOwnershipPercentage,EquityMethodInvestments,ExcessTaxBenefitFromShareBasedCompensationFinancingActivities,ExcessTaxBenefitFromShareBasedCompensationOperatingActivities,FairValueLiabilitiesMeasuredOnRecurringBasisChangeInUnrealizedGainLoss,FairValueLiabilitiesMeasuredOnRecurringBasisChangeInUnrealizedGainLossIncludedInOtherIncome,FairValueMeasurementWithUnobservableInputsReconciliationRecurringBasisLiabilityGainLossIncludedInEarnings,FinanceLeaseLiability,FinanceLeaseLiabilityCurrent,FinanceLeaseLiabilityNoncurrent,FinanceLeaseLiabilityPaymentsDue,FinanceLeaseLiabilityPaymentsDueAfterYearFive,FinanceLeaseLiabilityPaymentsDueInNextRollingTwelveMonths,FinanceLeaseLiabilityPaymentsDueInRollingAfterYearFive,FinanceLeaseLiabilityPaymentsDueInRollingYearFive,FinanceLeaseLiabilityPaymentsDueInRollingYearFour,FinanceLeaseLiabilityPaymentsDueInRollingYearThree,FinanceLeaseLiabilityPaymentsDueInRollingYearTwo,FinanceLeaseLiabilityPaymentsDueNextTwelveMonths,FinanceLeaseLiabilityPaymentsDueYearFive,FinanceLeaseLiabilityPaymentsDueYearFour,FinanceLeaseLiabilityPaymentsDueYearThree,FinanceLeaseLiabilityPaymentsDueYearTwo,FinanceLeaseLiabilityPaymentsRemainderOfFiscalYear,FinanceLeaseLiabilityUndiscountedExcessAmount,FinanceLeasePrincipalPayments,FinanceLeaseRightOfUseAsset,FinanceLeaseWeightedAverageDiscountRatePercent,FinancingReceivableAllowanceForCreditLossesWriteOffs,FiniteLivedIntangibleAssetsAccumulatedAmortization,FiniteLivedIntangibleAssetsAmortizationExpense,FiniteLivedIntangibleAssetsAmortizationExpenseNextTwelveMonths,FiniteLivedIntangibleAssetsAmortizationExpenseRemainderOfFiscalYear,FiniteLivedIntangibleAssetsAmortizationExpenseYearFive,FiniteLivedIntangibleAssetsAmortizationExpenseYearFour,FiniteLivedIntangibleAssetsAmortizationExpenseYearThree,FiniteLivedIntangibleAssetsAmortizationExpenseYearTwo,FiniteLivedIntangibleAssetsGross,FiniteLivedIntangibleAssetsNet,FinitelivedIntangibleAssetsAcquired1,ForeignCurrencyTransactionGainLossRealized,ForeignCurrencyTransactionGainLossUnrealized,FormerGainContingencyRecognizedInCurrentPeriod,FutureAmortizationExpenseYearFive,FutureAmortizationExpenseYearFour,FutureAmortizationExpenseYearOne,FutureAmortizationExpenseYearThree,FutureAmortizationExpenseYearTwo,GainContingencyUnrecordedAmount,GainLossOnInterestRateCashFlowHedgeIneffectiveness,GainLossOnSaleOfDerivatives,GainsLossesOnExtinguishmentOfDebt,Goodwill,GoodwillForeignCurrencyTranslationGainLoss,GoodwillImpairedAccumulatedImpairmentLoss,GoodwillImpairmentLoss,GoodwillPurchaseAccountingAdjustments,GoodwillTranslationAdjustments,GoodwillWrittenOffRelatedToSaleOfBusinessUnit,GrossProfit,GuaranteeObligationsMaximumExposure,ImpairmentChargeOnReclassifiedAssets,ImpairmentOfLongLivedAssetsToBeDisposedOf,IncomeLossFromContinuingOperations,IncomeLossFromContinuingOperationsAttributableToNoncontrollingEntity,IncomeLossFromContinuingOperationsBeforeIncomeTaxesDomestic,IncomeLossFromContinuingOperationsBeforeIncomeTaxesForeign,IncomeLossFromContinuingOperationsBeforeIncomeTaxesMinorityInterestAndIncomeLossFromEquityMethodInvestments,IncomeLossFromContinuingOperationsIncludingPortionAttributableToNoncontrollingInterest,IncomeLossFromContinuingOperationsPerBasicShare,IncomeLossFromContinuingOperationsPerDilutedShare,IncomeLossFromDiscontinuedOperationsNetOfTaxAttributableToNoncontrollingInterest,IncomeLossFromDiscontinuedOperationsNetOfTaxAttributableToReportingEntity,IncomeLossFromDiscontinuedOperationsNetOfTaxPerBasicShare,IncomeLossFromDiscontinuedOperationsNetOfTaxPerDilutedShare,IncomeLossFromEquityMethodInvestments,IncomeLossFromSubsidiariesNetOfTax,IncomeTaxExpenseBenefit,IncomeTaxExpenseBenefitContinuingOperations,IncomeTaxExpenseBenefitContinuingOperationsAdjustmentOfDeferredTaxAssetLiability,IncomeTaxesPaidNet,IncomeTaxesReceivable,IncreaseDecreaseInAccountsPayable,IncreaseDecreaseInAccruedLiabilities,IncreaseDecreaseInDeferredRevenue,IncreaseDecreaseInIncomeTaxesPayableNetOfIncomeTaxesReceivable,IncreaseDecreaseInInventories,IncreaseDecreaseInOtherNoncurrentLiabilities,IncreaseDecreaseInOtherOperatingCapitalNet,IncreaseDecreaseInOtherOperatingLiabilities,IncreaseDecreaseInPrepaidDeferredExpenseAndOtherAssets,IncreaseDecreaseInReceivables,IncrementalCommonSharesAttributableToCallOptionsAndWarrants,IncrementalCommonSharesAttributableToContingentlyIssuableShares,IndefiniteLivedIntangibleAssetsExcludingGoodwill,IntangibleAssetsNetExcludingGoodwill,InterestAndDebtExpense,InterestExpense,InterestIncomeExpenseNonoperatingNet,InterestPaid341,InterestPaid342,InterestPaidNet,InterestRateCashFlowHedgeGainLossReclassifiedToEarningsNet,InterestRateCashFlowHedgeGainLossToBeReclassifiedDuringNext12MonthsNet,InterestRevenueExpenseNet,InventoryNet,InvestmentIncomeInterest,InvestmentsInAffiliatesSubsidiariesAssociatesAndJointVentures,LeaseCost,LeaseholdImprovementsGross,LesseeOperatingLeaseLiabilityPaymentsDue,LesseeOperatingLeaseLiabilityPaymentsDueAfterRollingYearFive,LesseeOperatingLeaseLiabilityPaymentsDueAfterYearFive,LesseeOperatingLeaseLiabilityPaymentsDueInRollingYearFive,LesseeOperatingLeaseLiabilityPaymentsDueInRollingYearFour,LesseeOperatingLeaseLiabilityPaymentsDueInRollingYearThree,LesseeOperatingLeaseLiabilityPaymentsDueInRollingYearTwo,LesseeOperatingLeaseLiabilityPaymentsDueNextRollingTwelveMonths,LesseeOperatingLeaseLiabilityPaymentsDueNextTwelveMonths,LesseeOperatingLeaseLiabilityPaymentsDueYearFive,LesseeOperatingLeaseLiabilityPaymentsDueYearFour,LesseeOperatingLeaseLiabilityPaymentsDueYearThree,LesseeOperatingLeaseLiabilityPaymentsDueYearTwo,LesseeOperatingLeaseLiabilityPaymentsRemainderOfFiscalYear,LesseeOperatingLeaseLiabilityUndiscountedExcessAmount,LettersOfCreditOutstandingAmount,LiabilitiesAndStockholdersEquity,LiabilitiesCurrent,LiabilitiesFairValueDisclosure,LiabilitiesOfDisposalGroupIncludingDiscontinuedOperation,LiabilitiesOfDisposalGroupIncludingDiscontinuedOperationCurrent,LineOfCredit,LineOfCreditFacilityDecreaseRepayments,LineOfCreditFacilityIncreaseDecreaseForPeriodNet,LineOfCreditFacilityRemainingBorrowingCapacity,LongTermDebtAndCapitalLeaseObligations,LongTermDebtAndCapitalLeaseObligationsCurrent,LongTermDebtMaturitiesRepaymentsOfPrincipalAfterYearFive,LongTermDebtMaturitiesRepaymentsOfPrincipalInNextTwelveMonths,LongTermDebtMaturitiesRepaymentsOfPrincipalInYearFive,LongTermDebtMaturitiesRepaymentsOfPrincipalInYearFour,LongTermDebtMaturitiesRepaymentsOfPrincipalInYearThree,LongTermDebtMaturitiesRepaymentsOfPrincipalInYearTwo,MinorityInterest,MinorityInterestDecreaseFromRedemptions,MinorityInterestPeriodIncreaseDecrease,NetCashProvidedByUsedInFinancingActivities,NetCashProvidedByUsedInInvestingActivities,NetCashProvidedByUsedInOperatingActivities,NetIncomeLoss,NetIncomeLossAttributableToNoncontrollingInterest,NoncontrollingInterestDecreaseFromDeconsolidation,NoncontrollingInterestIncreaseFromSaleOfParentEquityInterest,NoncurrentAssets,NonoperatingIncomeExpense,NotesPayable,NotesPayableRelatedPartiesNoncurrent,NotesReceivableRelatedPartiesNoncurrent,NotionalAmountOfInterestRateDerivatives,NumberOfBusinessesAcquired401,NumberOfBusinessesAcquired402,NumberOfOperatingSegments403,NumberOfOperatingSegments404,NumberOfReportableSegments,OperatingIncomeLoss,OperatingLeaseLiability,OperatingLeaseLiabilityCurrent,OperatingLeaseLiabilityNoncurrent,OperatingLeasePayments,OperatingLeaseRightOfUseAsset,OperatingLeasesFutureMinimumPaymentsDue,OperatingLeasesFutureMinimumPaymentsDueCurrent,OperatingLeasesFutureMinimumPaymentsDueInFiveYears,OperatingLeasesFutureMinimumPaymentsDueInFourYears,OperatingLeasesFutureMinimumPaymentsDueInThreeYears,OperatingLeasesFutureMinimumPaymentsDueInTwoYears,OperatingLeasesFutureMinimumPaymentsDueThereafter,OperatingLeasesFutureMinimumPaymentsRemainderOfFiscalYear,OperatingLeasesRentExpenseNet,OperatingLeaseWeightedAverageDiscountRatePercent,OperatingLossCarryforwardsValuationAllowance,OtherAssetsNoncurrent,OtherComprehensiveIncomeDefinedBenefitPlansNetUnamortizedGainLossArisingDuringPeriodNetOfTax,OtherComprehensiveIncomeDerivativesQualifyingAsHedgesNetOfTaxPeriodIncreaseDecrease,OtherComprehensiveIncomeDerivativesQualifyingAsHedgesTaxEffectPeriodIncreaseDecrease,OtherComprehensiveIncomeForeignCurrencyTransactionAndTranslationGainLossArisingDuringPeriodNetOfTax,OtherComprehensiveIncomeLossBeforeReclassificationsBeforeTax,OtherComprehensiveIncomeLossBeforeTaxPeriodIncreaseDecrease,OtherComprehensiveIncomeLossDerivativesQualifyingAsHedgesNetOfTax,OtherComprehensiveIncomeLossForeignCurrencyTransactionAndTranslationAdjustmentBeforeTax,OtherComprehensiveIncomeLossForeignCurrencyTranslationAdjustmentTax,OtherComprehensiveIncomeLossNetOfTax,OtherComprehensiveIncomeLossNetOfTaxPeriodIncreaseDecrease,OtherComprehensiveIncomeLossPensionAndOtherPostretirementBenefitPlansAdjustmentBeforeReclassificationAdjustmentsNetOfTax,OtherComprehensiveIncomeLossPensionAndOtherPostretirementBenefitPlansAdjustmentBeforeTax,OtherComprehensiveIncomeLossPensionAndOtherPostretirementBenefitPlansAdjustmentNetOfTax,OtherComprehensiveIncomeLossPensionAndOtherPostretirementBenefitPlansTax,OtherComprehensiveIncomeLossReclassificationAdjustmentFromAOCIOnDerivativesBeforeTax,OtherComprehensiveIncomeLossReclassificationAdjustmentFromAOCIOnDerivativesTax,OtherComprehensiveIncomeLossReclassificationAdjustmentFromAOCIPensionAndOtherPostretirementBenefitPlansBeforeTax,OtherComprehensiveIncomeLossReclassificationAdjustmentFromAOCIPensionAndOtherPostretirementBenefitPlansForNetGainLossBeforeTax,OtherComprehensiveIncomeLossReclassificationAdjustmentFromAOCIPensionAndOtherPostretirementBenefitPlansForNetGainLossTax,OtherComprehensiveIncomeLossReclassificationAdjustmentFromAOCIPensionAndOtherPostretirementBenefitPlansTax,OtherComprehensiveIncomeLossReclassificationAdjustmentOnDerivativesIncludedInNetIncomeBeforeTax,OtherComprehensiveIncomeLossReclassificationAdjustmentOnDerivativesIncludedInNetIncomeTax,OtherComprehensiveIncomeLossTax,OtherComprehensiveIncomeReclassificationAdjustmentOnDerivativesIncludedInNetIncomeBeforeTax,OtherComprehensiveIncomeReclassificationAdjustmentOnDerivativesIncludedInNetIncomeTax,OtherComprehensiveIncomeUnrealizedGainLossOnDerivativesArisingDuringPeriodBeforeTax,OtherComprehensiveIncomeUnrealizedGainLossOnDerivativesArisingDuringPeriodTax,OtherLiabilitiesCurrent,OtherLiabilitiesNoncurrent,OtherLongTermDebt,OtherNoncashIncomeExpense,OtherNonoperatingIncomeExpense,OtherNonrecurringGain,PaymentsForDerivativeInstrumentFinancingActivities458,PaymentsForDerivativeInstrumentFinancingActivities459,PaymentsForProceedsFromDerivativeInstrumentFinancingActivities,PaymentsForProceedsFromHedgeFinancingActivities,PaymentsForProceedsFromOtherInvestingActivities,PaymentsForRepurchaseOfCommonStock,PaymentsOfDebtExtinguishmentCosts464,PaymentsOfDebtExtinguishmentCosts465,PaymentsOfDebtIssuanceCosts,PaymentsRelatedToTaxWithholdingForShareBasedCompensation,PaymentsToAcquireAdditionalInterestInSubsidiaries,PaymentsToAcquireBusinessesNetOfCashAcquired,PaymentsToAcquireEquityMethodInvestments,PaymentsToAcquireProductiveAssets,PensionAndOtherPostretirementDefinedBenefitPlansCurrentLiabilities,PensionAndOtherPostretirementDefinedBenefitPlansLiabilitiesCurrentAndNoncurrent,PensionAndOtherPostretirementDefinedBenefitPlansLiabilitiesNoncurrent,PledgedAssetsNotSeparatelyReportedFinanceReceivables,PrepaidExpenseAndOtherAssetsCurrent,PrepaidExpenseCurrent,PrepaidTaxes,ProceedsFromAccountsReceivableSecuritization,ProceedsFromDerivativeInstrumentInvestingActivities,ProceedsFromDivestitureOfBusinesses,ProceedsFromDivestitureOfBusinessesNetOfCashDivested,ProceedsFromIssuanceOfDebt,ProceedsFromIssuanceOfLongTermDebt,ProceedsFromIssuanceOfOtherLongTermDebt,ProceedsFromIssuanceOfPrivatePlacement,ProceedsFromLinesOfCredit,ProceedsFromLongTermLinesOfCredit,ProceedsFromPaymentsForOtherFinancingActivities,ProceedsFromRepaymentsOfAccountsReceivableSecuritization,ProceedsFromRepaymentsOfDebt,ProceedsFromRepaymentsOfOtherDebt,ProceedsFromSaleOfPropertyPlantAndEquipment,ProceedsFromStockOptionsExercised,ProductWarrantyAccrual,ProductWarrantyAccrualAdditionsFromBusinessAcquisition,ProductWarrantyAccrualPayments,ProductWarrantyExpense,ProfitLoss,PropertyPlantAndEquipmentGross,PropertyPlantAndEquipmentNet,ProvisionForDoubtfulAccounts,ReceivablesNetCurrent,RedemptionPremium,RepaymentsOfAccountsReceivableSecuritization,RepaymentsOfAssumedDebt,RepaymentsOfBankDebt,RepaymentsOfLinesOfCredit,RepaymentsOfLongTermDebt,RepaymentsOfLongTermDebtAndCapitalSecurities,RepaymentsOfLongTermLinesOfCredit,RepaymentsOfOtherDebt,RepaymentsOfOtherLongTermDebt,RepaymentsOfSeniorDebt,ResidualValueOfLeasedAsset,RestrictedCash,RestructuringCharges,RestructuringCosts,RetainedEarningsAccumulatedDeficit,Revenues,RightOfUseAssetObtainedInExchangeForFinanceLeaseLiability,RightOfUseAssetObtainedInExchangeForOperatingLeaseLiability,SalesAndExciseTaxPayableCurrent,SalesAndExciseTaxPayableCurrentAndNoncurrent,SalesRevenueNet,SecuredDebt,SelfInsuranceReserve,SelfInsuranceReserveCurrent,SellingGeneralAndAdministrativeExpense,ShareBasedCompensation,ShareBasedCompensationArrangementByShareBasedPaymentAwardEquityInstrumentsOtherThanOptionsGrantsInPeriod,ShareBasedCompensationArrangementByShareBasedPaymentAwardEquityInstrumentsOtherThanOptionsGrantsInPeriodWeightedAverageGrantDateFairValue,ShareBasedCompensationArrangementByShareBasedPaymentAwardFairValueAssumptionsExpectedDividendRate,ShareBasedCompensationArrangementByShareBasedPaymentAwardFairValueAssumptionsExpectedTerm,ShareBasedCompensationArrangementByShareBasedPaymentAwardFairValueAssumptionsRiskFreeInterestRate535,ShareBasedCompensationArrangementByShareBasedPaymentAwardFairValueAssumptionsRiskFreeInterestRate536,ShareBasedCompensationArrangementByShareBasedPaymentAwardFairValueAssumptionsWeightedAverageVolatilityRate,ShareBasedCompensationArrangementByShareBasedPaymentAwardNumberOfSharesAuthorized,ShareBasedCompensationArrangementByShareBasedPaymentAwardNumberOfSharesAvailableForGrant,ShareBasedCompensationArrangementByShareBasedPaymentAwardOptionsExercisesInPeriodTotalIntrinsicValue,ShareBasedCompensationArrangementByShareBasedPaymentAwardOptionsForfeituresAndExpirationsInPeriod,ShareBasedCompensationArrangementByShareBasedPaymentAwardOptionsForfeituresAndExpirationsInPeriodWeightedAverageExercisePrice,ShareBasedCompensationArrangementByShareBasedPaymentAwardOptionsGrantsInPeriodGross,ShareBasedCompensationArrangementByShareBasedPaymentAwardOptionsGrantsInPeriodWeightedAverageGrantDateFairValue,ShareBasedCompensationArrangementByShareBasedPaymentAwardOptionsOutstandingIntrinsicValue,ShareBasedCompensationArrangementByShareBasedPaymentAwardOptionsOutstandingNumber,ShareBasedCompensationArrangementByShareBasedPaymentAwardOptionsOutstandingWeightedAverageExercisePrice,ShareBasedCompensationArrangementByShareBasedPaymentAwardOptionsVestedAndExpectedToVestExercisableAggregateIntrinsicValue,ShareBasedCompensationArrangementByShareBasedPaymentAwardOptionsVestedAndExpectedToVestExercisableNumber,ShareBasedCompensationArrangementByShareBasedPaymentAwardOptionsVestedAndExpectedToVestExercisableWeightedAverageExercisePrice,ShareBasedCompensationArrangementByShareBasedPaymentAwardOptionsVestedAndExpectedToVestOutstandingAggregateIntrinsicValue,ShareBasedCompensationArrangementByShareBasedPaymentAwardOptionsVestedAndExpectedToVestOutstandingNumber,ShareBasedCompensationArrangementByShareBasedPaymentAwardOptionsVestedAndExpectedToVestOutstandingWeightedAverageExercisePrice,ShareBasedCompensationArrangementsByShareBasedPaymentAwardOptionsExercisesInPeriodWeightedAverageExercisePrice,ShareBasedCompensationArrangementsByShareBasedPaymentAwardOptionsGrantsInPeriodWeightedAverageExercisePrice,ShareBasedCompensationSharesAuthorizedUnderStockOptionPlansExercisePriceRangeNumberOfExercisableOptions,ShareBasedCompensationSharesAuthorizedUnderStockOptionPlansExercisePriceRangeNumberOfOutstandingOptions,SharebasedCompensationArrangementBySharebasedPaymentAwardOptionsNonvestedOptionsForfeitedNumberOfShares,SharebasedCompensationSharesAuthorizedUnderStockOptionPlansExercisePriceRangeExercisableOptionsWeightedAverageExercisePrice1,SharebasedCompensationSharesAuthorizedUnderStockOptionPlansExercisePriceRangeExercisableOptionsWeightedAverageRemainingContractualTerm1,SharebasedCompensationSharesAuthorizedUnderStockOptionPlansExercisePriceRangeOutstandingOptionsWeightedAverageRemainingContractualTerm1,SharesPaidForTaxWithholdingForShareBasedCompensation,ShippingAndHandlingRevenue,SignificantChangeInUnrecognizedTaxBenefitsIsReasonablyPossibleAmountOfUnrecordedBenefit,SignificantChangeInUnrecognizedTaxBenefitsIsReasonablyPossibleEstimatedRangeOfChangeUpperBound,StandardProductWarrantyAccrual,StandardProductWarrantyAccrualAdditionsFromBusinessAcquisition,StandardProductWarrantyAccrualPayments,StandardProductWarrantyAccrualWarrantiesIssued,StockholdersEquity,StockholdersEquityIncludingPortionAttributableToNoncontrollingInterest,StockholdersEquityNoteStockSplitConversionRatio,StockholdersEquityNoteStockSplitConversionRatio1,StockIssuedDuringPeriodSharesStockOptionsExercised,StockIssuedDuringPeriodValueAcquisitions,StockIssuedDuringPeriodValueStockOptionsExercised,StockRepurchasedDuringPeriodShares,StockRepurchaseProgramAuthorizedAmount1,TaxCutsAndJobsActOf2017ReclassificationFromAociToRetainedEarningsTaxEffect,TaxCutsAndJobsActOf2017TransitionTaxForAccumulatedForeignEarningsLiabilityCurrent,TaxCutsAndJobsActOf2017TransitionTaxForAccumulatedForeignEarningsLiabilityNoncurrent,TaxesPayableCurrent,TemporaryEquityCarryingAmountIncludingPortionAttributableToNoncontrollingInterests,TransfersAccountedForAsSecuredBorrowingsAssociatedLiabilitiesCarryingAmount,TranslationAdjustmentFunctionalToReportingCurrencyNetOfTaxPeriodIncreaseDecrease,TreasuryStockCommonShares,TreasuryStockSharesAcquired,TreasuryStockValue,TreasuryStockValueAcquiredCostMethod,UndistributedEarningsOfForeignSubsidiaries,UnrealizedGainLossOnInterestRateCashFlowHedgesPretaxAccumulatedOtherComprehensiveIncomeLoss,UnrealizedGainLossOnMarketableSecuritiesCostMethodInvestmentsAndOtherInvestments,UnrecognizedTaxBenefits,UnrecognizedTaxBenefitsDecreasesResultingFromForeignCurrencyTranslation,UnrecognizedTaxBenefitsDecreasesResultingFromPriorPeriodTaxPositions,UnrecognizedTaxBenefitsDecreasesResultingFromSettlementsWithTaxingAuthorities,UnrecognizedTaxBenefitsIncomeTaxPenaltiesAndInterestAccrued,UnrecognizedTaxBenefitsIncreasesResultingFromAcquisition,UnrecognizedTaxBenefitsIncreasesResultingFromCurrentPeriodTaxPositions,UnrecognizedTaxBenefitsIncreasesResultingFromForeignCurrencyTranslation,UnrecognizedTaxBenefitsIncreasesResultingFromPriorPeriodTaxPositions,UnrecognizedTaxBenefitsReductionsResultingFromLapseOfApplicableStatuteOfLimitations,UnrecognizedTaxBenefitsThatWouldImpactEffectiveTaxRate,ValuationAllowanceDeferredTaxAssetChangeInAmount,WeightedAverageNumberOfDilutedSharesOutstanding,WeightedAverageNumberOfSharesOutstandingBasic,WriteOffOfDeferredDebtIssuanceCost,CashSurrenderValueOfLifeInsurance,DefinedBenefitPlanAssetsTransferredToFromPlan,DividendsCommonStockCash,IncomeLossFromContinuingOperationsBeforeIncomeTaxesExtraordinaryItemsNoncontrollingInterest,IncomeTaxExaminationPenaltiesAndInterestExpense,PaymentsOfDividends,AllowanceForDoubtfulAccountsReceivable,EffectOfExchangeRateOnCashAndCashEquivalentsContinuingOperations,EquityMethodInvestmentDifferenceBetweenCarryingAmountAndUnderlyingEquity,ShareBasedCompensationArrangementByShareBasedPaymentAwardEquityInstrumentsOtherThanOptionsVestedInPeriodTotalFairValue,GainLossOnSaleOfBusiness,LineOfCreditFacilityInterestRateAtPeriodEnd,RestructuringAndRelatedCostIncurredCost,UnrealizedGainLossOnCashFlowHedgingInstruments,UnrealizedGainLossOnInvestments,FinanceLeaseInterestExpense,FinanceLeaseRightOfUseAssetAmortization,GoodwillGross,IntangibleAssetsGrossExcludingGoodwill,OperatingLeaseCost,ShortTermLeaseCost,SubleaseIncome,VariableLeaseCost,BridgeLoan,EffectOfExchangeRateOnCashCashEquivalentsRestrictedCashAndRestrictedCashEquivalents,ExtendedProductWarrantyAccrualWarrantiesIssued,ProceedsFromBankDebt,ReportingUnitPercentageOfFairValueInExcessOfCarryingAmount,y
0,51300000,281764000.0,8816000.0,26345000,142401000.0,-6536000.0,-15000.0,-876000.0,-13764000.0,815952000,943000.0,443000.0,-9000000.0,4671000.0,12547000.0,7283000.0,4421000.0,6900000.0,2457000.0,2409000.0,4200000.0,0.0,3539000.0,2020121000.0,702868000,15332000.0,456640000.0,9720000.0,103198000.0,2381000.0,14945000.0,689655.0,0.86,0.85,0.67,0.66,1480000.0,27774000.0,15665000.0,2922000.0,74900000.0,1529000.0,95253000.0,65900000.0,1425761000.0,1167000.0,35870000.0,22000000.0,-4339000.0,-170400000.0,7000000.0,0.0,-1408000.0,21000000.0,6234000.0,1900000.0,53400000.0,3352000.0,48918000.0,-65087000.0,181216000.0,3456000.0,38121000.0,33586000.0,832000.0,3748000.0,18517000.0,314817000.0,1076000.0,63341000.0,-3404000.0,746000.0,74241000.0,87397000.0,4826000.0,227400000.0,57484000.0,57200000.0,-4100000.0,-7800000.0,-7300000.0,31200000.0,0.01,500000000.0,142004797,142004797,1420000.0,85516000.0,0.0,357978000.0,20890000.0,104000000.0,56000000.0,1064706000.0,9883000.0,10657000.0,5494000.0,58854000.0,825000.0,72298000.0,12619000.0,0.0,600954000.0,10063000.0,1.0,0.018,3400000.0,8928000.0,16837000.0,37000000.0,15000000.0,8200000.0,1577000.0,-563000.0,8963000.0,125364000.0,310129000.0,9259000.0,598000.0,64391000.0,3679000.0,16409000.0,-33553000.0,45690000.0,164000.0,61784000.0,31847000.0,4681000.0,2015000.0,1400000.0,4422000.0,6609000.0,17379000.0,2607000.0,95337000.0,1561000.0,52209000.0,3945000.0,29049000.0,125389000.0,10000000.0,3307000.0,464000.0,-4539000.0,762000.0,-266000.0,-43179000.0,0.0,0.021,0.013,0.051,0.02,111547000.0,3806000.0,573000.0,245000.0,938000.0,0.0,2931000.0,4064000.0,-200000.0,39823000.0,5818000.0,6948000.0,6966000.0,6263000.0,5627000.0,2624000.0,73057000.0,-8354000.0,-43179000.0,2719000.0,4436000.0,125389000.0,82852000.0,60988000.0,171185000.0,3040000.0,573000.0,6024000.0,126031000.0,483000.0,0.0,-2000.0,3843000.0,0.0,0.0,600000.0,60700000.0,30204000.0,33421000.0,211000.0,4800000.0,1400000.0,900000.0,3924000.0,2472000.0,7206000.0,-3314000.0,2807000.0,0.0,0.0,2564000.0,-1226000.0,1452000.0,77442000.0,72696000.0,0.0,129756000.0,7752000.0,-8369000.0,9900000.0,71952000.0,5392000.0,37104000.0,3533000.0,64166000.0,33656000.0,42426000.0,199136000.0,23957000.0,0.0,0.25,0.0,0.0,0.73,0.71,0.381,0.35,0.014,0.0,-0.002,-0.002,0.005,-0.001,0.041,-1018000.0,37314000,55000000.0,2862000.0,6000000.0,0.0,0.49,9300000.0,12547000.0,12547000.0,-2600000.0,1300000.0,-1615000.0,39966000.0,10658000.0,31502000.0,55944000.0,19381000.0,13087000.0,24472000.0,5183000.0,7032000.0,7711000.0,11562000.0,10121000.0,2676000.0,6214000.0,8571000.0,10705000.0,9087000.0,13784000.0,9000000.0,42311000.0,0.045,14024000.0,13402000.0,4100000.0,7800000.0,69400000.0,6000000.0,5700000.0,6400000.0,7100000.0,82704000.0,67239000.0,280399000000.0,0.0,4065000.0,8300000.0,5600000.0,4300000.0,5800000.0,4600000.0,5200000.0,15000000.0,-200000.0,0.0,0.0,907218000.0,-61824000.0,-33244000.0,0.0,1000000.0,5428000.0,-1919000.0,843826000.0,35700000.0,0.0,26677000.0,97092000.0,-3516000.0,202558000.0,2759000.0,159133000.0,423223000.0,0.71,0.69,0.0,2807000.0,0.02,0.02,0.0,0.0,62041000.0,103007000.0,-1200000.0,39171000.0,4663000.0,-4785000.0,-6175000.0,-113000.0,24111000.0,-4232000.0,6104000.0,-1469000.0,3400000.0,-1241000.0,15026000.0,3438000.0,0.0,78800000.0,584231000.0,37830000.0,146377000.0,-28316000.0,7000000.0,8000000.0,35864000.0,-11595000.0,-2400000.0,-6409000.0,385686000.0,2308000.0,0.0,106545000.0,41939000.0,1830484000.0,777194000.0,760030000.0,148363000.0,180425000.0,216851000.0,256544000.0,298118000.0,288726000.0,138834000.0,166904000.0,217839000.0,265133000.0,222074000.0,504498000.0,35400000.0,2020121000,168481000,14661000.0,145104000.0,3832000.0,660730000.0,9045000.0,300000000.0,253900000.0,592982000.0,52888000.0,1079000.0,29524000.0,811841000.0,35514000.0,27105000.0,51013000.0,8484000.0,18880000.0,-10000000.0,11793000.0,-138910000.0,132961000.0,99899000.0,0.0,11404000.0,12000000.0,913089000.0,-34147000.0,38338000.0,0.0,0.0,-350000000.0,20.0,11.0,4.0,4.0,3.0,193280000.0,1300000000.0,0.0,0.0,73976000.0,0.0,345838000.0,84977000.0,43179000.0,56116000.0,66013000.0,77306000.0,78111000.0,96262000.0,57200000.0,0.054,8000000.0,21329000,144000.0,-8841000.0,1661000.0,-5686000.0,-156082000.0,-4014000.0,8712000.0,20068000.0,0.0,11775000.0,4615000.0,37000.0,-935000.0,15000.0,-234000.0,5641000.0,-2019000.0,0.0,2000000.0,2000000.0,0.0,10377000.0,3841000.0,-2960000.0,-11595000.0,-4174000.0,3230000.0,1054000.0,9224000.0,27015000,16383000.0,-678000.0,1375000.0,0.0,4000000.0,5000000.0,0.0,0.0,-1057000.0,0.0,21000000.0,24000000.0,219000.0,0.0,19000000.0,74208000.0,0.0,66908000.0,0.0,111000000.0,46000000.0,127300000.0,13985000.0,9603000.0,4663000.0,0.0,0.0,10304000.0,17477000.0,0.0,0.0,-31156000.0,0.0,5271000.0,1667325000.0,0.0,77272000.0,19706000.0,-6576000.0,2206000.0,10402000.0,604000.0,990000.0,8882000.0,9351000.0,423223000.0,452823000.0,289902000.0,14000000.0,152443000.0,0.0,0.0,0.0,354800000.0,453867000.0,9957000.0,6251000.0,1528970000.0,2105000.0,1703000.0,0.0,76000000.0,0.0,8589000.0,16000000.0,369459000,9736909000.0,13000000.0,28563000.0,30701000.0,46490000.0,1908532000.0,240625000.0,30368000.0,16820000.0,250026000.0,5498000.0,261851.0,29.05,0.0,6.3,0.0317,0.0187,0.446,70000000.0,11000000.0,28000000.0,31800.0,8.89,126755.0,5.57,79317000.0,7285646.0,12.68,79317000.0,3756738.0,8.58,79317000.0,3673816.0,8.04,6.41,32.31,4420600.0,9355070.0,123320.0,10.06,4.9,6.0,-95000.0,15500000.0,100000.0,600000.0,2063000.0,1113000.0,20802000.0,38608000.0,849777000.0,3114682000.0,2.0,2.0,2399419.0,60041000.0,10402000.0,2300000.0,500000000.0,5000000.0,3000000.0,28000000.0,26959000.0,0.0,77300000.0,3078000.0,2271707.0,-7043000.0,0.0,60000000.0,74000000.0,-7994000.0,0.0,7949000.0,123000.0,86000.0,138000.0,1100000.0,2322000.0,1811000.0,123000.0,483000.0,1489000.0,3800000.0,700000.0,143317000.0,140009000.0,0.0,72000000.0,0.0,73398000.0,791022000.0,1000000.0,0.0,-53000000.0,12000000.0,-8000000.0,8000000.0,-3000000.0,0.011,2000000.0,-6000000.0,0.0,2000000.0,10000000.0,4625000000.0,1557000000.0,308000000.0,7000000.0,2000000.0,98000000.0,2100000000.0,-6000000.0,19000000.0,0.0,0.4,1
1,51300000,310552000.0,1713000.0,26345000,179950000.0,-6536000.0,-15000.0,-876000.0,-7397000.0,815952000,1393000.0,,,6219000.0,9510000.0,5112000.0,3103000.0,6900000.0,2322000.0,2457000.0,4200000.0,0.0,,2020121000.0,702868000,15332000.0,,9720000.0,119414000.0,4375000.0,,689655.0,0.39,0.39,0.28,0.27,2516000.0,20731000.0,12989000.0,2565000.0,16400000.0,9132000.0,39486000.0,125839000.0,701384000.0,7032000.0,73782000.0,5000000.0,4339000.0,-100000000.0,,0.0,-1300000.0,,6234000.0,5600000.0,113800000.0,-295000.0,111484000.0,-65087000.0,181216000.0,,42385000.0,33586000.0,1917000.0,3257000.0,5844000.0,314817000.0,868000.0,79195000.0,0.0,3404000.0,79067000.0,234516000.0,50401000.0,279766000.0,49544000.0,,-3800000.0,1000000.0,28600000.0,64400000.0,0.01,500000000.0,142004797,142004797,1420000.0,133888000.0,0.0,302270000.0,21851000.0,107000000.0,57000000.0,547406000.0,5275000.0,19864000.0,3511000.0,75009000.0,2483000.0,94044000.0,16552000.0,0.0,600954000.0,10063000.0,,0.019,3500000.0,8928000.0,13533000.0,37000000.0,23900000.0,,1460000.0,-563000.0,8963000.0,125364000.0,310129000.0,9259000.0,598000.0,82608000.0,3679000.0,22267000.0,-44667000.0,45690000.0,164000.0,80697000.0,31847000.0,4722000.0,3692000.0,1000000.0,5157000.0,8945000.0,18357000.0,1911000.0,125364000.0,1561000.0,52209000.0,1864000.0,44535000.0,199337000.0,42000000.0,3018000.0,2556000.0,989000.0,-591000.0,-130000.0,-109820000.0,377000.0,0.021,0.009,0.05,0.013,126031000.0,4447000.0,415000.0,756000.0,79211000.0,251000.0,2000000.0,0.0,-1000000.0,29946000.0,43446000.0,5474000.0,5003000.0,4890000.0,4357000.0,-552000.0,82852000.0,4664000.0,-109820000.0,1341000.0,1844000.0,169097000.0,60988000.0,83305000.0,225388000.0,2788000.0,415000.0,-2051000.0,171185000.0,-541000.0,-3811000.0,4000.0,1776000.0,-8493000.0,255000.0,500000.0,72700000.0,16520000.0,18589000.0,211000.0,4800000.0,1400000.0,8000000.0,,,,355000.0,688000.0,0.0,0.0,,-131000.0,1015000.0,,,,,0.0,,6700000.0,,,,,,,,,686000.0,,0.275,0.0,0.0,0.44,0.43,0.382,0.35,0.01,0.01,-0.002,-0.003,0.003,0.004,0.034,469000.0,37314000,51000000.0,2009000.0,3000000.0,0.0,,,2696000.0,-2696000.0,800000.0,-1000000.0,1408000.0,39966000.0,10802000.0,31133000.0,55044000.0,,16574000.0,20810000.0,2972000.0,6084000.0,8413000.0,10067000.0,,2888000.0,6718000.0,9229000.0,11109000.0,6374000.0,13109000.0,2642000.0,41911000.0,0.045,,13402000.0,2100000.0,8700000.0,49400000.0,6000000.0,6300000.0,7100000.0,7900000.0,82704000.0,67239000.0,,0.0,,,,4800000.0,6900000.0,5400000.0,6100000.0,,-200000.0,,0.0,938783000.0,-107286000.0,-33244000.0,0.0,,2433000.0,1919000.0,449819000.0,28700000.0,0.0,-26677000.0,60473000.0,662000.0,264438000.0,5687000.0,100523000.0,112171000.0,0.43,0.42,0.0,688000.0,0.0,0.0,0.0,0.0,40050000.0,103007000.0,,19438000.0,10923000.0,-7110000.0,9107000.0,1386000.0,18223000.0,-16709000.0,4434000.0,-2632000.0,3543000.0,5358000.0,10585000.0,2771000.0,0.0,81000000.0,743769000.0,15302000.0,138504000.0,-28316000.0,,,14898000.0,-5775000.0,-2300000.0,-7367000.0,385686000.0,1353000.0,0.0,221439000.0,69079000.0,1834226000.0,748729000.0,,155141000.0,187264000.0,218562000.0,258449000.0,292617000.0,,148754000.0,178807000.0,230912000.0,276873000.0,151302000.0,492448000.0,65800000.0,2020121000,168481000,12661000.0,,3832000.0,660730000.0,,300000000.0,,592982000.0,52888000.0,5221000.0,71716000.0,848000.0,847759000.0,138323000.0,54611000.0,8484000.0,-18880000.0,,-3410000.0,-33697000.0,87039000.0,61161000.0,0.0,,,1220162000.0,-26131000.0,38338000.0,0.0,0.0,,20.0,,3.0,,3.0,115678000.0,1325986000.0,0.0,0.0,147897000.0,0.0,380809000.0,84992000.0,38322000.0,49962000.0,64206000.0,73623000.0,86551000.0,69215000.0,66900000.0,0.054,,21329000,-129000.0,2305000.0,1655000.0,4191000.0,84430000.0,6308000.0,8712000.0,206451000.0,-4151000.0,11775000.0,8857000.0,67000.0,,15000.0,,-6439000.0,-2289000.0,47000.0,,4000000.0,-41000.0,10377000.0,3841000.0,1054000.0,-2046000.0,-3841000.0,3230000.0,1054000.0,24481000.0,27015000,16383000.0,-1376000.0,147000.0,0.0,,,0.0,0.0,7036000.0,0.0,,,310000.0,0.0,19000000.0,15952000.0,0.0,18584000.0,3280000.0,,46000000.0,123200000.0,13985000.0,9603000.0,4663000.0,0.0,0.0,10304000.0,,0.0,0.0,19591000.0,0.0,2310000.0,312880000.0,-16912000.0,,-2444000.0,-42090000.0,839000.0,2744000.0,2063000.0,3228000.0,9954000.0,10298000.0,463975000.0,582197000.0,289902000.0,6000000.0,152443000.0,0.0,0.0,0.0,4375000.0,855402000.0,42291000.0,11160000.0,471439000.0,2105000.0,351000.0,0.0,75000000.0,0.0,1058000.0,1000000.0,369459000,5751515000.0,5245000.0,,30701000.0,160294000.0,997225000.0,240625000.0,30368000.0,16820000.0,132795000.0,3578000.0,235537.0,32.15,0.0,6.4,0.0317,0.0317,0.439,70000000.0,10000000.0,21000000.0,45873.0,7.56,126755.0,9.54,56427000.0,6980733.0,12.82,56427000.0,2623217.0,9.19,56427000.0,2543299.0,8.46,4.92,32.31,4637069.0,6832331.0,63614.0,10.75,5.0,5.8,,17300000.0,500000.0,400000.0,2063000.0,1113000.0,20802000.0,22992000.0,1020506000.0,3442949000.0,2.0,,482844.0,14945000.0,8247000.0,2300000.0,,5345000.0,3000000.0,25000000.0,114202000.0,24077000.0,77300000.0,3078000.0,2271707.0,-4400000.0,60000000.0,,74000000.0,-1161000.0,0.0,8526000.0,,86000.0,196000.0,1200000.0,,713000.0,,281000.0,1952000.0,3800000.0,-300000.0,143500000.0,140223000.0,0.0,90000000.0,6451000.0,73000000.0,884995000.0,1000000.0,0.0,53000000.0,-4000000.0,,8000000.0,1000000.0,0.011,,1000000.0,6000000.0,2000000.0,10000000.0,,1416000000.0,314000000.0,9000000.0,3000000.0,97000000.0,1600000000.0,4000000.0,,500000000.0,,1
2,51300000,,20754000.0,26345000,,2176000.0,0.0,2202000.0,-7397000.0,815952000,3873000.0,,,6993000.0,,2588000.0,1571000.0,6900000.0,2013000.0,2322000.0,3400000.0,,1265000.0,2020121000.0,702868000,11785000.0,88000000.0,9720000.0,,,,689655.0,0.65,0.64,0.96,0.94,,,,,,,136418000.0,57383000.0,2198994000.0,7032000.0,73782000.0,2000000.0,0.0,,,1615000.0,1200000.0,,6234000.0,2200000.0,22900000.0,-295000.0,111484000.0,65087000.0,181216000.0,,79234000.0,33586000.0,1917000.0,3257000.0,8671000.0,314817000.0,598000.0,,0.0,,79067000.0,234516000.0,86938000.0,279766000.0,105686000.0,,,-1000000.0,29000000.0,64000000.0,0.01,500000000.0,142004797,142004797,1420000.0,,,,,105000000.0,56000000.0,266107000.0,14655000.0,,1256000.0,,,,,0.0,600954000.0,10063000.0,,,3700000.0,8376000.0,1460000.0,37000000.0,24000000.0,,13533000.0,7000.0,9302000.0,145462000.0,310129000.0,9259000.0,919000.0,,,,,45690000.0,,,31847000.0,,8621000.0,,,,,,44667000.0,,52209000.0,,,,47000000.0,,,,-484000.0,-66000.0,,,,,,,,,,,,,12000000.0,,-2000000.0,33802000.0,5015000.0,5938000.0,5991000.0,5573000.0,5410000.0,-249000.0,,,110000000.0,833000.0,923000.0,,,,,,,,,,,,889000.0,8493000.0,,500000.0,,8246000.0,27931000.0,211000.0,4800000.0,1400000.0,10600000.0,2744000.0,1729000.0,26774000.0,355000.0,402000.0,,,9526000.0,-131000.0,1015000.0,,,0.0,281275000.0,,,6700000.0,62000000.0,13763000.0,,3562000.0,,,,,686000.0,2438000.0,,0.0,0.0,0.21,0.2,0.382,,,,-0.004,,,,,1267000.0,37314000,44000000.0,1017000.0,,,0.49,8900000.0,5744000.0,-5744000.0,-3000000.0,300000.0,1408000.0,39966000.0,10361000.0,28752000.0,50480000.0,,18000000.0,16000000.0,3000000.0,4000000.0,8000000.0,10000000.0,,2940000.0,6731000.0,9105000.0,10528000.0,2904000.0,11367000.0,5464000.0,39504000.0,0.045,8376000.0,13402000.0,3100000.0,8800000.0,26000000.0,10100000.0,6300000.0,7100000.0,7900000.0,82704000.0,67239000.0,,0.0,-3267000.0,,,6300000.0,8400000.0,7000000.0,7700000.0,,225000.0,0.0,-2795000.0,938783000.0,,33244000.0,-33244000.0,,2433000.0,479000.0,220248000.0,28700000.0,2438000.0,,28455000.0,859000.0,,,47139000.0,137810000.0,0.2,0.2,,402000.0,,,0.0,,18684000.0,125507000.0,,34450000.0,10923000.0,-12722000.0,,,14566000.0,-24302000.0,4434000.0,9434000.0,27648000.0,,18671000.0,2637000.0,116000.0,81000000.0,743769000.0,7724000.0,,-22447000.0,,,22235000.0,-2748000.0,3400000.0,,385686000.0,,0.0,114894000.0,,1845882000.0,652000000.0,,143000000.0,173000000.0,203000000.0,233000000.0,269000000.0,,160862000.0,192731000.0,242333000.0,283138000.0,76438000.0,490887000.0,71900000.0,2020121000,168481000,19798000.0,8000000.0,3832000.0,,0.0,,,592982000.0,52888000.0,5221000.0,71716000.0,848000.0,847759000.0,138323000.0,54611000.0,8484000.0,,,-3172000.0,-46621000.0,135464000.0,28857000.0,,11404000.0,,1220162000.0,,,0.0,0.0,,20.0,,3.0,,3.0,54757000.0,1341778000.0,0.0,0.0,222798000.0,0.0,450728000.0,90588000.0,42564000.0,54911000.0,69899000.0,79978000.0,123137000.0,35353000.0,66900000.0,0.054,,21329000,,,1189000.0,,62694000.0,-23664000.0,-2164000.0,48435000.0,,889000.0,,30000.0,,0.0,,6439000.0,,90000.0,,6000000.0,,3270000.0,1177000.0,-6847000.0,-5641000.0,-737000.0,1481000.0,533000.0,18407000.0,27015000,,-3000.0,106000.0,,,,9639000.0,0.0,,,,,,0.0,,18580000.0,,28993000.0,,,43179000.0,123400000.0,16351000.0,9603000.0,,0.0,0.0,316100000.0,11992000.0,,250000000.0,24522000.0,0.0,2310000.0,390275000.0,0.0,,-38695000.0,-50843000.0,952000.0,4986000.0,2063000.0,3475000.0,15582000.0,16509000.0,,,289902000.0,10000000.0,152443000.0,0.0,0.0,54888000.0,6563000.0,,,16212000.0,613758000.0,652000.0,1105000.0,0.0,71000000.0,,255000.0,0.0,369459000,3030751000.0,,61891000.0,50998000.0,,486355000.0,,30368000.0,16554000.0,66423000.0,5457000.0,,,0.0,,,,0.439,70000000.0,10000000.0,,53749.0,13.01,126755.0,4.77,54693000.0,6539046.0,12.93,54693000.0,1738073.0,9.2,54693000.0,1738073.0,9.2,5.12,32.31,4248660.0,5207772.0,16745.0,10.79,4.8,5.6,,17300000.0,1000000.0,400000.0,7347000.0,645000.0,12059000.0,33670000.0,,3442949000.0,2.0,,822039.0,,,2300000.0,500000000.0,5345000.0,6000000.0,19000000.0,,24077000.0,77272000.0,3053000.0,2271707.0,-10924000.0,60000000.0,,166000000.0,75000.0,0.0,,,0.0,,,,,0.0,,,,-300000.0,143669000.0,140257000.0,5345000.0,,6000000.0,72000000.0,1399130000.0,,,53000000.0,2000000.0,,8000000.0,,0.011,,0.0,1000000.0,2000000.0,12000000.0,,,282000000.0,16000000.0,5000000.0,96000000.0,,,,,,1
3,52405000,,690000.0,25004000,179950000.0,2176000.0,0.0,2202000.0,-7397000.0,832142000,678000.0,3936000.0,,4967000.0,5953000.0,7713000.0,4681000.0,5900000.0,,,5400000.0,,,,800533000,13413000.0,,456640000.0,,,,,0.22,0.21,0.27,0.26,,,,,,,38279000.0,189977000.0,723394000.0,7032000.0,73782000.0,8000000.0,0.0,,,-1600000.0,1900000.0,,34000.0,2000000.0,83400000.0,-295000.0,111484000.0,100102000.0,285533000.0,,150342000.0,65852000.0,1917000.0,3257000.0,41039000.0,,87000.0,,0.0,,79067000.0,234516000.0,29839000.0,279766000.0,197607000.0,,,15000000.0,-29000000.0,,0.01,500000000.0,143128064,143128064,1431000.0,94263000.0,-3516000.0,157817000.0,21851000.0,105000000.0,56000000.0,817114000.0,4772000.0,21007000.0,4718000.0,75009000.0,2483000.0,94044000.0,16552000.0,83019000.0,586361000.0,27080000.0,,,,8376000.0,1460000.0,30000000.0,,,13533000.0,7000.0,9302000.0,145462000.0,299867000.0,9555000.0,919000.0,82608000.0,5461000.0,22267000.0,,,1501000.0,80697000.0,30027000.0,4722000.0,8621000.0,1000000.0,5157000.0,8945000.0,18357000.0,1911000.0,44667000.0,5000.0,52830000.0,1864000.0,44535000.0,222607000.0,33000000.0,2558000.0,1424000.0,-32018000.0,720000.0,-201000.0,-142083000.0,0.0,0.014,0.017,0.048,0.019,201492000.0,6849000.0,408000.0,8493000.0,2071000.0,0.0,9975000.0,-6000.0,-1000000.0,34526000.0,4879000.0,6166000.0,5583000.0,5399000.0,5248000.0,1059000.0,91672000.0,2922000.0,110000000.0,2091000.0,3013000.0,222607000.0,83305000.0,58962000.0,211539000.0,6770000.0,408000.0,-810000.0,,-1181000.0,0.0,-74000.0,2902000.0,40565000.0,-19640000.0,,90900000.0,24893000.0,38062000.0,211000.0,900000.0,700000.0,10600000.0,2744000.0,1729000.0,19568000.0,355000.0,-298000.0,0.0,0.0,6962000.0,131000.0,1015000.0,,,,151519000.0,,,,,8371000.0,,29000.0,,,,,686000.0,,,0.0,0.0,0.64,0.63,0.381,0.35,0.017,,-0.004,-0.003,0.003,0.004,0.034,1496000.0,35959000,59000000.0,3032000.0,,0.0,0.266,10700000.0,9628000.0,9628000.0,-700000.0,500000.0,-1345000.0,39966000.0,9409000.0,31428000.0,52140000.0,,,,,,,,,3138000.0,3591000.0,7166000.0,8743000.0,,11303000.0,8521000.0,39077000.0,0.045,8000000.0,15780000.0,4200000.0,8800000.0,75000000.0,17900000.0,,,,83996000.0,65168000.0,,0.0,-4000000.0,,,5700000.0,7800000.0,6400000.0,7000000.0,,-225000.0,,,938783000.0,15505000.0,33000000.0,33244000.0,,,65000000.0,674923000.0,24600000.0,,,90614000.0,1040000.0,264438000.0,5687000.0,148811000.0,109844000.0,0.65,0.63,0.0,-298000.0,0.0,0.0,0.0,0.0,58197000.0,125507000.0,-2600000.0,49287000.0,10923000.0,-18067000.0,8257000.0,-201000.0,7492000.0,20428000.0,,-6104000.0,-2704000.0,5240000.0,384000.0,2680000.0,103000.0,,743769000.0,23082000.0,103784000.0,-22447000.0,,,29530000.0,-8500000.0,-3900000.0,,,1449000.0,0.0,329909000.0,,1804830000.0,,,,,,,,,138502000.0,167858000.0,200546000.0,249168000.0,,445706000.0,70900000.0,2130742000,195650000,107029000.0,,3061000.0,419616000.0,0.0,,,567324000.0,15520000.0,604598000.0,41535000.0,583140000.0,23334000.0,25240000.0,27934000.0,8484000.0,,,-33165000.0,-102494000.0,164002000.0,90316000.0,0.0,,4107000.0,1220162000.0,-7115000.0,43651000.0,0.0,0.0,,7.0,,3.0,,3.0,171723000.0,1354995000.0,0.0,0.0,297712000.0,0.0,458496000.0,99345000.0,51159000.0,62795000.0,78536000.0,88494000.0,98676000.0,105778000.0,,0.052,,20927000,-15000.0,2953000.0,,-532000.0,132797000.0,,-4277000.0,,7366000.0,-3726000.0,,97000.0,13506000.0,0.0,10000.0,1698000.0,-602000.0,43000.0,,,,1224000.0,440000.0,-168000.0,-1476000.0,-2019000.0,-6427000.0,-2314000.0,18407000.0,25040000,15057000.0,890000.0,170000.0,-12063000.0,,,,0.0,835000.0,0.0,,,419000.0,0.0,19000000.0,65171000.0,0.0,55870000.0,11754000.0,,121000000.0,129500000.0,19591000.0,12183000.0,,0.0,18342000.0,301297000.0,11992000.0,1232100000.0,,19706000.0,,2309000.0,605708000.0,,,-11730000.0,12850000.0,1070000.0,8247000.0,2063000.0,3722000.0,20802000.0,22364000.0,136278000.0,582197000.0,,12000000.0,,0.0,0.0,,8750000.0,116082000.0,7476000.0,1703000.0,734471000.0,716000.0,1348000.0,0.0,67000000.0,0.0,1910000.0,2000000.0,461301000,8873893000.0,7568000.0,,45098000.0,,1492037000.0,426250000.0,33770000.0,18226000.0,198688000.0,7283000.0,189204.0,42.58,,,,,,70000000.0,9000000.0,7123000.0,,13.42,126755.0,4.77,43631000.0,9355070.0,6.9,,,,43631000.0,1511304.0,9.08,5.21,32.31,6896485.0,3765952.0,18418.0,6.26,,,,,1000000.0,200000.0,7347000.0,861000.0,20723000.0,43682000.0,1179434000.0,,,,1250620.0,14945000.0,13962000.0,2300000.0,,5345000.0,,,,24077000.0,80000000.0,551000.0,2271707.0,-3881000.0,60000000.0,70462000.0,266000000.0,-3903000.0,,8526000.0,-123000.0,2379000.0,196000.0,1200000.0,80000.0,713000.0,,281000.0,1952000.0,3800000.0,500000.0,144047000.0,140746000.0,,,0.0,,,1000000.0,0.0,53000000.0,-4000000.0,,,0.0,0.0172,,1000000.0,8000000.0,,,,,,,,,,,,,,1
4,70413000,,7262000.0,25992000,231130000.0,2176000.0,0.0,,,841747000,785000.0,3936000.0,,7495000.0,9375000.0,2601000.0,1578000.0,7100000.0,,,7900000.0,,0.0,2130742000.0,821500000,13413000.0,,456640000.0,,,,,0.3,0.29,1.32,1.3,,,,,,,189783000.0,63642000.0,3394694000.0,3481000.0,147061000.0,3000000.0,,,,,1643000.0,,3107000.0,,,7315000.0,322090000.0,-98521000.0,301844000.0,,150342000.0,70262000.0,83637000.0,16890000.0,41039000.0,,-87000.0,,-414000.0,,,,,,,,,15000000.0,-4000000.0,-4000000.0,0.01,500000000.0,143788606,143788606,1438000.0,131664000.0,,400097000.0,26801000.0,105000000.0,,269708000.0,5205000.0,21312000.0,,97887000.0,3883000.0,116205000.0,14435000.0,83019000.0,632606000.0,39880000.0,,,,,1460000.0,26000000.0,,,13533000.0,,,,304898000.0,9672000.0,,98462000.0,5461000.0,29523000.0,,46596000.0,,96831000.0,29924000.0,4451000.0,4711000.0,1000000.0,7476000.0,9442000.0,27361000.0,1631000.0,48631000.0,5000.0,53179000.0,1428000.0,48994000.0,,-16000000.0,,,,129000.0,-71000.0,,0.0,,,,,,,,,,,,,-1000000.0,35000000.0,5000000.0,7000000.0,6000000.0,5000000.0,5000000.0,507000.0,,,110000000.0,750000.0,1169000.0,,,,,,,,,,,,1126000.0,,,500000.0,,8373000.0,,,200000.0,700000.0,10600000.0,-2744000.0,,15929000.0,,-986000.0,0.02,0.02,-8252000.0,131000.0,,,,,-424161000.0,,,,,-22330000.0,,9136000.0,,,,,,2438000.0,,0.0,0.0,0.21,0.2,,0.35,,,,-0.008,0.007,-0.002,0.031,,42252000,51000000.0,1023000.0,,0.0,0.266,11000000.0,,,-200000.0,,-105000.0,42160000.0,,,69047000.0,,,,,,,,,,,,,,11711000.0,11744000.0,,0.041,2000000.0,17821000.0,1500000.0,7700000.0,78000000.0,18600000.0,5900000.0,6200000.0,7000000.0,88305000.0,64708000.0,,,-6000000.0,,,,,,,,-200000.0,0.0,-2795000.0,,96398000.0,33244000.0,33000000.0,,2378000.0,,225104000.0,29000000.0,,0.0,30141000.0,378000.0,319305000.0,16466000.0,48288000.0,456123000.0,0.21,0.21,,-986000.0,-0.01,-0.01,,,18147000.0,147942000.0,,,10923000.0,,,,,,11733000.0,1794000.0,,,,2510000.0,,,743769000.0,7780000.0,,,,,,-2725000.0,3900000.0,,412507000.0,,0.0,108469000.0,,1877495000.0,,,,,,,,,,,,,,457721000.0,72200000.0,2205449000,225292000,107029000.0,,2857000.0,553964000.0,44328000.0,,,557589000.0,18915000.0,612270000.0,63515000.0,1008137000.0,28143000.0,119145000.0,33352000.0,,49520000.0,,,,,29155000.0,,11404000.0,4107000.0,1220162000.0,-14132000.0,42398000.0,0.0,0.0,,17.0,,3.0,,3.0,56045000.0,1359124000.0,216172000.0,1109814000.0,,0.0,454878000.0,99345000.0,51159000.0,62795000.0,78536000.0,88494000.0,98691000.0,74040000.0,83700000.0,,,21832000,,2943000.0,1218000.0,978000.0,48367000.0,,-7281000.0,,50000.0,-11717000.0,,30000.0,,0.0,23000.0,3815000.0,-1362000.0,129000.0,,6000000.0,140000.0,4363000.0,1571000.0,-46000.0,,-524000.0,-7908000.0,-2847000.0,18407000.0,32478000,21491000.0,47000.0,23000.0,12063000.0,,,19959000.0,0.0,-341000.0,0.0,,,,443000.0,,,0.0,,,,106917000.0,,19591000.0,11100000.0,,,,316100000.0,,,250000000.0,4409000.0,0.0,,,-6881000.0,,-625000.0,,,,5635000.0,190000.0,5540000.0,5567000.0,287192000.0,698708000.0,293493000.0,,155339000.0,0.0,,,,708060000.0,7476000.0,8581000.0,,1680000.0,2105000.0,600000000.0,63000000.0,0.0,852000.0,5000000.0,497202000,3122378000.0,,126336000.0,,,494812000.0,420625000.0,32513000.0,18200000.0,65893000.0,2524000.0,,,,,,,,70000000.0,8200000.0,18000000.0,,16.1,,,,9355070.0,6.9,,,,,,,5.52,,6896485.0,,18345.0,6.26,,,,23900000.0,1000000.0,100000.0,7347000.0,1113000.0,27514000.0,,1179434000.0,,2.0,,1687700.0,,,,500000000.0,,,,,24077000.0,80000000.0,-4436000.0,,,60000000.0,-70462000.0,398000000.0,-2742000.0,0.0,5441000.0,0.0,2379000.0,,600000.0,,952000.0,0.0,192000.0,892000.0,1600000.0,4100000.0,143990000.0,140541000.0,5345000.0,,,143000000.0,,,0.0,-58000000.0,-1000000.0,,,-1000000.0,0.0299,,0.0,2000000.0,,,,,,,,,,,,,,1
5,76437000,,7262000.0,25832000,231130000.0,2176000.0,,-2071000.0,,869798000,1376000.0,-3936000.0,,8771000.0,15000000.0,9974000.0,6054000.0,8300000.0,,,7900000.0,,33244000.0,2205449000.0,836876000,13413000.0,,456640000.0,,,,,1.01,1.0,0.66,0.65,,,,,,,189783000.0,81318000.0,3394694000.0,3693000.0,156348000.0,15000000.0,0.0,,,1600000.0,,,3107000.0,,,11343000.0,363883000.0,83415000.0,320414000.0,,150342000.0,84800000.0,91682000.0,16662000.0,41039000.0,,159000.0,,414000.0,,129468000.0,303544000.0,84630000.0,245679000.0,-196794000.0,,,15000000.0,-3600000.0,-3900000.0,0.01,500000000.0,145466575,145466575,1455000.0,180846000.0,-197000.0,242280000.0,26801000.0,105000000.0,56000000.0,1120129000.0,10525000.0,,1216000.0,,,,,83019000.0,956076000.0,52888000.0,,,,5824000.0,,12000000.0,,,,-955000.0,4222000.0,177414000.0,291421000.0,9224000.0,-647000.0,98462000.0,,29523000.0,,47307000.0,2608000.0,96831000.0,32506000.0,4451000.0,4711000.0,1000000.0,7476000.0,9442000.0,27361000.0,1631000.0,48631000.0,,66059000.0,1428000.0,48994000.0,208712000.0,,3663000.0,1394000.0,-10662000.0,473000.0,-181000.0,-152577000.0,3000000.0,0.007,0.018,,,,6841000.0,438000.0,40565000.0,-506000.0,,3000000.0,0.0,,,,,,,,2467000.0,,-16658000.0,,3670000.0,2205000.0,208712000.0,58962000.0,62975000.0,194283000.0,6798000.0,438000.0,4891000.0,,-992000.0,0.0,,4525000.0,1815000.0,0.0,500000.0,,34113000.0,9980000.0,2242000.0,148000.0,705000.0,10600000.0,2744000.0,1729000.0,,,-2088000.0,,,8252000.0,,,,,21340000.0,424161000.0,,,,,22330000.0,,,,,,,,,,,,0.91,0.89,0.381,,,,-0.003,,,,,271000.0,41376000,44000000.0,3920000.0,,22715000.0,,9500000.0,3500000.0,3500000.0,-300000.0,900000.0,1240000.0,41935000.0,12239000.0,45097000.0,64920000.0,,,,,,,,,,,,,,13364000.0,,55423000.0,0.041,,20288000.0,3400000.0,12900000.0,40000000.0,18700000.0,9600000.0,10400000.0,11700000.0,129198000.0,69302000.0,,18342000.0,,,,,,,,,-225000.0,18342000.0,0.0,,144906000.0,,,,-3267000.0,,927813000.0,32900000.0,,,127137000.0,3050000.0,,,205317000.0,,0.9,0.88,0.0,384000.0,0.0,0.0,,0.0,78180000.0,147942000.0,,1314000.0,,5663000.0,8056000.0,35000.0,7492000.0,4173000.0,,970000.0,-7948000.0,5240000.0,3306000.0,2559000.0,80000.0,,,32252000.0,-104000000.0,-7367000.0,,,7142000.0,-10377000.0,-4300000.0,,444617000.0,1860000.0,,432509000.0,,1860762000.0,,,,,,,,,,,,,,448436000.0,72200000.0,2299509000,225321000,107029000.0,,2744000.0,553964000.0,,,,548066000.0,29524000.0,605461000.0,57494000.0,225000.0,824572000.0,22907000.0,89036000.0,12394000.0,-49520000.0,,-1142000.0,-2564000.0,88065000.0,127521000.0,-3516000.0,,3182000.0,,-7017000.0,42398000.0,,,,10.0,,3.0,,3.0,231448000.0,1419774000.0,219502000.0,1122276000.0,,,477995000.0,90458000.0,41339000.0,52656000.0,64781000.0,80911000.0,116214000.0,40241000.0,,0.053,,29046000,-15000.0,8712000.0,4095000.0,3078000.0,162262000.0,,-5117000.0,,,-12606000.0,,-128000.0,,,13000.0,2117000.0,-760000.0,39000.0,,,,1093000.0,394000.0,122000.0,,,-15514000.0,-5585000.0,18407000.0,45902000,21491000.0,47000.0,429000.0,,,,,,-934000.0,0.0,,,,,10000000.0,3746000.0,0.0,10902000.0,3603000.0,,,136100000.0,19591000.0,13985000.0,,0.0,18342000.0,301297000.0,11992000.0,1232100000.0,,-2444000.0,,0.0,460186000.0,,,-8367000.0,-7824000.0,92000.0,3185000.0,6465000.0,,,11230000.0,150914000.0,698708000.0,306820000.0,9000000.0,167181000.0,,0.0,,4375000.0,745313000.0,7476000.0,8824000.0,134674000.0,4471000.0,652000.0,600000000.0,,0.0,2554000.0,,538530000,11876674000.0,9639000.0,,,,2047942000.0,420625000.0,16820000.0,18200000.0,276723000.0,5112000.0,,,,,,,,,,,,28.12,,,,6832331.0,,,,,,,,6.22,,5751462.0,2623217.0,509.0,6650.0,,,,23900000.0,1000000.0,,,3722000.0,27514000.0,14202000.0,1179434000.0,3856685000.0,,,1425075.0,0.0,,,500000000.0,,,,,,80000000.0,-7489000.0,4915031.0,,,-190762000.0,530000000.0,3230000.0,,,0.0,,957000.0,600000.0,,,99000.0,,,1600000.0,1300000.0,145124000.0,142194000.0,,,,71000000.0,,,0.0,56000000.0,-6000000.0,,,0.0,0.0424,,1000000.0,11000000.0,,,,,,,,,,,,,,1
6,76437000,,7262000.0,25832000,,,-701000.0,,,869798000,791000.0,3936000.0,,9684000.0,,,,8300000.0,,,,,47102000.0,2299509000.0,836876000,17875000.0,,456640000.0,,,,,0.53,0.53,0.66,0.65,,,,,,,,87177000.0,,3736000.0,163997000.0,,,,,1600000.0,-200000.0,,-3107000.0,,,12821000.0,366904000.0,,,,356221000.0,,91130000.0,16662000.0,262684000.0,,139000.0,,414000.0,,166005000.0,275077000.0,81571000.0,345202000.0,-58431000.0,,,,-4000000.0,-4000000.0,0.01,500000000.0,145466575,145466575,1455000.0,,,579136000.0,,,,,,21672000.0,2479000.0,97887000.0,3883000.0,116205000.0,14435000.0,83019000.0,956076000.0,52888000.0,,,,5824000.0,1040000.0,6000000.0,,,17098000.0,-955000.0,4222000.0,,291421000.0,9224000.0,-647000.0,,1136000.0,,,53485000.0,203000.0,,32506000.0,,,,,,,,,3355000.0,66059000.0,,,,,,,,,,,,,,0.031,0.018,225388000.0,,,,,,1000000.0,,,,,,,,,,83305000.0,,110000000.0,,,,,63000000.0,194000000.0,,,,,,,378000.0,,2000000.0,,,22400000.0,,20011000.0,1004000.0,52000.0,705000.0,,-2744000.0,,3881000.0,,,0.06,0.06,-3598000.0,,7000000.0,,,13826000.0,-100084000.0,,,,,8369000.0,,-1204000.0,,,,,145887000.0,,,0.0,0.0,,,0.392,0.35,-0.008,,,-0.008,0.007,-0.002,0.031,233000.0,41376000,61000000.0,,,,,8100000.0,5953000.0,5953000.0,-200000.0,,-1787000.0,39113000.0,,,59000000.0,,,,,,,,,,,,,,11000000.0,,,0.041,,20288000.0,5400000.0,14200000.0,140000000.0,17800000.0,10500000.0,11400000.0,12800000.0,129198000.0,69302000.0,,,,,,,,,,,,,-2795000.0,,166925000.0,,,,882000.0,,,59000000.0,,,,,319305000.0,16466000.0,,96298000.0,,,,,,,0.0,,,,100000.0,39697000.0,3131000.0,-393000.0,8056000.0,,33769000.0,-24672000.0,11733000.0,-970000.0,,,-1484000.0,5118000.0,,,740804000.0,,72078000.0,-14723000.0,,,14071000.0,-3270000.0,-4100000.0,,492688000.0,,0.0,,,1673000000.0,,,,,,,,,,,,,,394000000.0,71000000.0,2299509000,225321000,111402000.0,,2744000.0,553964000.0,74328000.0,,,548066000.0,29524000.0,1132444000.0,68414000.0,1942680000.0,39002000.0,140594000.0,42553000.0,57503000.0,,,2508000.0,-22361000.0,101191000.0,,,11404000.0,-925000.0,2485918000.0,-21044000.0,42398000.0,0.0,0.0,,3.0,,,,3.0,,1412326000.0,225572000.0,1129423000.0,299260000.0,1300000000.0,536835000.0,100859000.0,44952000.0,56731000.0,71307000.0,89359000.0,156506000.0,132950000.0,83700000.0,,,29046000,,,135000.0,,,,-9066000.0,,,-13339000.0,,,-2245000.0,0.0,32000.0,19771000.0,-7211000.0,-166000.0,,,,5641000.0,2019000.0,-39000.0,,,-9087000.0,-3271000.0,,45902000,21491000.0,-1204000.0,,12000000.0,,,20000000.0,56804000.0,4123000.0,-60000000.0,,,419000.0,5243000.0,10000000.0,13742000.0,9136000.0,20847000.0,,,130329000.0,,19591000.0,13985000.0,,0.0,,316000000.0,,,250000000.0,-38695000.0,600000000.0,0.0,494485000.0,-743000.0,,-31587000.0,-2362000.0,236000.0,5136000.0,7347000.0,,,,409573000.0,,331312000.0,24000000.0,191085000.0,-9498000.0,0.0,,8750000.0,748086000.0,7476000.0,2105000.0,601480000.0,4471000.0,716000.0,600000000.0,,5489000.0,80000.0,2000000.0,538530000,,,144142000.0,,,,420625000.0,16820000.0,21500000.0,,7713000.0,270388.0,,,,,,,,,,,24.14,,,,6832331.0,7.04,,,,,,,7.08,,,,,,,,,,,,,3722000.0,,29529000.0,,4041037000.0,,,1124317.0,0.0,13962000.0,1800000.0,,,,,,24000000.0,80000000.0,-4273000.0,9315226.0,,130462000.0,190762000.0,687000000.0,-6427000.0,0.0,5441000.0,,1931000.0,957000.0,,0.0,952000.0,222000.0,192000.0,892000.0,,7400000.0,145307000.0,142520000.0,5345000.0,,,213000000.0,,,72873000.0,51000000.0,-26000000.0,,,155000000.0,,,0.0,-1000000.0,,,,,,,,,,,,,,1
7,76437000,,7262000.0,25832000,294183000.0,,,-2071000.0,-4976000.0,869798000,-890000.0,,,,15000000.0,9974000.0,6054000.0,8300000.0,,,2100000.0,,,2299509000.0,836876000,17597000.0,,,,,,,0.44,0.44,0.45,0.45,,,,,,,107203000.0,149458000.0,989089000.0,,,2000000.0,0.0,,,-1600000.0,800000.0,,,,,,,83415000.0,320414000.0,,386296000.0,84800000.0,,,266750000.0,,-139000.0,,1344000.0,,108906000.0,279766000.0,,341346000.0,,,,-1000000.0,-3600000.0,-3900000.0,,,145466575,145466575,1455000.0,,662000.0,179039000.0,31989000.0,105000000.0,56000000.0,320226000.0,5320000.0,,1263000.0,,,,,99179000.0,956076000.0,14817000.0,,,,,2298000.0,,,,23925000.0,,,231256000.0,291421000.0,9224000.0,,106768000.0,3070000.0,30880000.0,,53485000.0,3354000.0,105676000.0,32506000.0,5181000.0,4777000.0,1100000.0,10210000.0,11519000.0,29970000.0,1092000.0,71738000.0,,66059000.0,2693000.0,50695000.0,191422000.0,,2103000.0,1449000.0,11251000.0,0.0,0.0,-131308000.0,,0.01,0.017,,,,4815000.0,447000.0,1815000.0,643000.0,,4740000.0,,,,,,,,,717000.0,,12764000.0,115000000.0,670000.0,421000.0,191422000.0,62975000.0,21000000.0,96000000.0,4666000.0,447000.0,-3524000.0,,-1170000.0,,,468000.0,1000000.0,,500000.0,45200000.0,9229000.0,,4678000.0,,,,2744000.0,1729000.0,,,224000.0,0.04,0.04,3598000.0,,-7000000.0,,,7116000.0,100084000.0,,,,,8369000.0,,,,,,,,,,0.0,0.0,0.38,0.37,0.389,,,,-0.003,,,,,,41376000,58000000.0,3920000.0,,70895000.0,,8128000.0,,-5953000.0,,-1500000.0,,40837000.0,14746000.0,36810000.0,,,,,,,,,,,,,,,,11772000.0,52944000.0,0.041,,20288000.0,7900000.0,,120000000.0,17500000.0,,,,129198000.0,69302000.0,,18342000.0,,,,,,,,,-200000.0,18342000.0,,1032973000.0,,,,,,,283290000.0,67000000.0,,0.0,51983000.0,1015000.0,,,82814000.0,140809000.0,0.37,0.36,0.0,1953000.0,0.01,0.01,,0.0,30831000.0,,100000.0,,17597000.0,,-3338000.0,,14786000.0,24672000.0,,10212000.0,14732000.0,5094000.0,1484000.0,5118000.0,93000.0,,973031000.0,7276000.0,-72000000.0,-7356000.0,,,,-1224000.0,-4100000.0,,492688000.0,,0.0,,,,,,,,,,,,,,,,,,71000000.0,2299509000,225321000,121199000.0,,2744000.0,507481000.0,,,,548066000.0,29524000.0,3037945000.0,129184000.0,36769000.0,38033000.0,40087000.0,146262000.0,56956000.0,,,,,,53936000.0,,,810000.0,2501231000.0,-6912000.0,44404000.0,0.0,0.0,,10.0,,3.0,,3.0,89929000.0,1279000000.0,221527000.0,1137597000.0,,,536835000.0,106631000.0,47713000.0,60730000.0,76776000.0,94988000.0,156506000.0,97039000.0,,0.052,,29046000,0.0,2113000.0,,2502000.0,43305000.0,,-9066000.0,,,-13339000.0,,-107000.0,,,9000.0,15956000.0,-5849000.0,,,,124000.0,5641000.0,2019000.0,7000.0,,,-19391000.0,-6847000.0,14522000.0,45902000,20625000.0,498000.0,161000.0,0.0,,,20000000.0,-57000000.0,,60000000.0,,,7741000.0,,,,,,4816000.0,,,140000000.0,,13985000.0,,77272000.0,18342000.0,301297000.0,11992000.0,1232100000.0,,-11730000.0,,341753000.0,,-300000.0,,-33922000.0,23313000.0,,,7347000.0,,,,122381000.0,808845000.0,331312000.0,,191085000.0,,0.0,,,,,,,0.0,1680000.0,600000000.0,,,370000.0,4000000.0,538530000,3100303000.0,13326000.0,,,,603516000.0,415000000.0,16820000.0,21500000.0,75087000.0,9974000.0,,,,,,,,,,,,25.26,,,,6832331.0,7.04,,,,,,,8.83,,,1738073.0,,,,,,25600000.0,1000000.0,,7163000.0,,7094000.0,43883000.0,,4206653000.0,,,866799.0,0.0,2610000.0,2600000.0,,,,,,24000000.0,80000000.0,-4273000.0,13195915.0,,250762000.0,-120300000.0,664000000.0,-7908000.0,4739000.0,,-49000.0,0.0,,400000.0,,,,,,1100000.0,10000000.0,,,,,,70000000.0,,,73000000.0,54000000.0,-42000000.0,,,,,,0.0,-3000000.0,,,,,,,,,,,,,,1
8,76437000,,,25832000,,4289000.0,,,-3476000.0,869798000,642000.0,,,9684000.0,,3342000.0,2039000.0,8300000.0,,,4200000.0,,,2299509000.0,836876000,,,0.0,,,,,0.23,0.23,0.74,0.72,,,,,,,47505000.0,157673000.0,2006571000.0,3736000.0,163997000.0,16000000.0,,,,1615000.0,823000.0,,3107000.0,,,12821000.0,366904000.0,83415000.0,320414000.0,,394259000.0,84800000.0,91130000.0,,277003000.0,,611000.0,,3301000.0,,108906000.0,279766000.0,59772000.0,337250000.0,-113475000.0,,,15000000.0,-18000000.0,26000000.0,,,145466575,145466575,1455000.0,180846000.0,859000.0,726927000.0,,107000000.0,57000000.0,643641000.0,,23099000.0,4570000.0,110825000.0,13202000.0,143720000.0,19693000.0,103694000.0,956076000.0,,,,,,2482000.0,,,,23268000.0,,,,291421000.0,9224000.0,,,4424000.0,,,,,,32506000.0,,6711000.0,,,,,,,4615000.0,66059000.0,,,191000000.0,,2000000.0,1000000.0,11000000.0,76000.0,,-131000000.0,,,,,,,5000000.0,0.0,2000000.0,1000000.0,,,,,,,,,,,-1500000.0,,13000000.0,111000000.0,1446000.0,1006000.0,191000000.0,63000000.0,,,5000000.0,0.0,-2000000.0,,-1000000.0,,,984000.0,,,,94400000.0,18391000.0,30389000.0,2975000.0,1800000.0,705000.0,10300000.0,,,3881000.0,,224000.0,0.03,0.03,3598000.0,,-6900000.0,,,7116000.0,100084000.0,,,,,8369000.0,,-1204000.0,,,,,325374000.0,,,,,0.64,0.63,,0.35,0.004,,,-0.023,0.008,0.002,0.031,227000.0,41376000,50000000.0,1303000.0,,,,13200000.0,9375000.0,9375000.0,,-1500000.0,1787000.0,40837000.0,15000000.0,37000000.0,,,,,,,,,,,,,,,,,53000000.0,,,20288000.0,2100000.0,17000000.0,,17800000.0,13200000.0,13900000.0,15100000.0,129198000.0,69302000.0,,,,,,,,,,,,,-324000.0,950621000.0,39821000.0,,,,882000.0,,283290000.0,76000000.0,,0.0,51983000.0,2367000.0,348150000.0,61017000.0,145406000.0,140809000.0,0.37,0.36,192000.0,1953000.0,0.01,0.01,0.0,,55517000.0,,700000.0,65709000.0,17597000.0,11307000.0,-3303000.0,,,-43818000.0,6636000.0,-10212000.0,,,-1433000.0,2169000.0,186000.0,,953372000.0,14431000.0,-16000000.0,-22687000.0,,,20927000.0,-4363000.0,-3900000.0,,492688000.0,,,423253000.0,,,,,,,,,,,,,,,,,65000000.0,2299509000,225321000,,,2744000.0,,149328000.0,,,548066000.0,29524000.0,3393225000.0,122117000.0,621560000.0,24410000.0,137192000.0,49193000.0,56454000.0,,,9276000.0,-94294000.0,144563000.0,53936000.0,-197000.0,11000000.0,,2487448000.0,-27752000.0,,,,,21.0,,4.0,,3.0,89929000.0,,221527000.0,1137597000.0,299000000.0,1279576000.0,526946000.0,,,,,,122002000.0,51473000.0,101100000.0,,,29046000,0.0,,,,-33831000.0,,,,,,,,,-701000.0,3179000.0,-27481000.0,-10011000.0,,,,,1476000.0,524000.0,-370000.0,,,-19391000.0,-6847000.0,12471000.0,45902000,,504000.0,299000.0,,,,,88743000.0,,60000000.0,,,,5243000.0,,70281000.0,,36982000.0,5000000.0,,148974000.0,140300000.0,,15990000.0,,,,316000000.0,,,250000000.0,-625000.0,600000000.0,,599485000.0,,,-49481000.0,19591000.0,977000.0,8725000.0,7564000.0,,,,530228000.0,,331312000.0,14000000.0,191085000.0,-9498000.0,,,13125000.0,,,,949381000.0,1845000.0,4471000.0,0.0,,,,,538530000,6348476000.0,,231454000.0,,,603516000.0,,32900000.0,,150766000.0,3342000.0,,,,,,,,,,,,32.31,,,,6832331.0,7.04,,,,,,,9.97,,,1738073.0,,,,,,25600000.0,,,8728000.0,,14180000.0,58253000.0,,4206653000.0,,,226260.0,0.0,5109000.0,,500000000.0,,,,,24000000.0,110000000.0,,13195915.0,,351813000.0,120300000.0,743000000.0,-15514000.0,5000000.0,5497000.0,49000.0,,795000.0,,,973000.0,,167000.0,998000.0,900000.0,13000000.0,145496000.0,142842000.0,0.0,,,287000000.0,,,71000000.0,54000000.0,-24000000.0,,,155000000.0,,,,-2000000.0,,,,,,,,,,,,,,1
9,75377000,,7755000.0,32989000,,12000.0,-701000.0,-2071000.0,4378000.0,878206000,,1200000.0,,6368000.0,4053000.0,,,,,,7100000.0,,,,852117000,,,0.0,,,,,,,1.09,1.08,,,,,,,49678000.0,68758000.0,987798000.0,3736000.0,163997000.0,14000000.0,,,,1408000.0,200000.0,,,,,12821000.0,366904000.0,-83415000.0,,,394259000.0,,91130000.0,16662000.0,277003000.0,,1425000.0,,14467000.0,,108906000.0,,-13217000.0,337250000.0,-222703000.0,,,,,,0.01,500000000.0,145879504,145879504,1459000.0,,378000.0,,,97000000.0,52000000.0,323415000.0,15916000.0,,2091000.0,,,,,104585000.0,,,,,,,2305000.0,,,,21611000.0,,,,285584000.0,8869000.0,,,,,,53485000.0,,,34135000.0,,,4424000.0,,,,,,,67582000.0,,,,,,,,,,,,,,,,,,,,,,,,,,,,,,,-783000.0,,,142000000.0,776000.0,585000.0,,,,,,,,,,,,516000.0,,,,94000000.0,9162000.0,41428000.0,2975000.0,17907000.0,1173000.0,17300000.0,-27000000.0,,3881000.0,,224000.0,,,-3598000.0,,-4000000.0,,,7116000.0,-100084000.0,,,,,,,-1204000.0,,,,,498233000.0,,,0.0,0.0,0.27,0.26,,,,,-0.003,,,,,221000.0,35723000,58000000.0,,,39551000.0,,11000000.0,15000000.0,15000000.0,,1300000.0,,40837000.0,,,,,,,,,,,,,,,,,,13361000.0,,0.039,,,,31800000.0,,12500000.0,23700000.0,26000000.0,29100000.0,,67872000.0,,,,,,,,,,,,,-324000.0,1032973000.0,-58875000.0,,,,11778000.0,,,,,0.0,,1352000.0,,,62592000.0,150914000.0,,,,,0.01,0.01,,,24686000.0,,300000.0,88294000.0,17597000.0,10156000.0,,,,67795000.0,6636000.0,7974000.0,-17428000.0,,12309000.0,,96000.0,,928752000.0,7155000.0,-36000000.0,-7964000.0,,,27421000.0,-5641000.0,3700000.0,,,,0.0,423000000.0,,,,,,,,,,,,,,,,,69000000.0,2355379000,208272000,,,2561000.0,,453867000.0,,,544451000.0,,1239630000.0,58810000.0,7104000.0,1532638000.0,25737000.0,32757000.0,56454000.0,,,18962000.0,-191583000.0,159183000.0,,662000.0,,,2542911000.0,,,0.0,0.0,,,,4.0,,4.0,,,221527000.0,1137597000.0,286000000.0,1303260000.0,560555000.0,117099000.0,51656000.0,65260000.0,80583000.0,99206000.0,145446000.0,115765000.0,101100000.0,,,35803000,0.0,-7281000.0,,-4436000.0,-77136000.0,,-2991000.0,,,-655000.0,,,,,,27481000.0,,,,,-659000.0,,,-439000.0,,,-991000.0,-389000.0,17068000.0,49704000,,,138000.0,,,,0.0,88743000.0,,60000000.0,,,,7423000.0,,143578000.0,2240000.0,61438000.0,,,126492000.0,144000000.0,27331000.0,,,82700000.0,,301297000.0,,0.0,,,,,841485000.0,0.0,,,-49481000.0,1441000.0,13962000.0,,,,,,,,,,-9498000.0,2700000.0,,17500000.0,,591089000.0,,1472920000.0,3611000.0,8336000.0,,,,,,596712000,3248173000.0,7718000.0,39460000.0,,,,,17886000.0,,75679000.0,,,,,,,,,,,,,,,,,6091174.0,7040.0,,,,,,,,,,,,,,,,,,,10574000.0,,,16531000.0,1336911000.0,4206653000.0,,,,0.0,11919000.0,,,,,,,24077000.0,,2336000.0,13195915.0,,351813000.0,,1151000000.0,-19391000.0,1061000.0,5497000.0,99000.0,0.0,,,,,,,,900000.0,18000000.0,145470000.0,142769000.0,,,,,,,142000000.0,,,,,4000000.0,,,,0.0,,,,,,,,,,,,,,1
10,77951000,,7163000.0,36829000,437946000.0,12000.0,-701000.0,,4378000.0,885555000,,1200000.0,,9710000.0,5626000.0,3260000.0,2008000.0,7300000.0,,,,,,,890376000,,,0.0,,,,,0.69,0.68,0.34,0.33,,,,,,,239108000.0,222601000.0,775133000.0,,,,8207000.0,,,1408000.0,230000.0,,,,,,,,,,394259000.0,,,,277003000.0,,-1425000.0,,14467000.0,,,,,337250000.0,,,,,,,0.01,500000000.0,146170800,146170800,1462000.0,105777000.0,3050000.0,203276000.0,80672000.0,97000000.0,52000000.0,,5223000.0,,,,,,,104585000.0,896566000.0,,,,,,2305000.0,,,,21611000.0,,,373148000.0,285426000.0,8713000.0,,130376000.0,,27184000.0,,,15105000.0,126496000.0,35039000.0,8946000.0,5023000.0,3189000.0,14130000.0,11096000.0,46837000.0,3880000.0,123885000.0,,64827000.0,5342000.0,67065000.0,,,,,,,0.0,,,,,,,212000000.0,,,,,,5017000.0,,,,,,,,,783000.0,59000000.0,,142000000.0,,,,,,,,,,,,,6000000.0,,,,600000.0,24300000.0,,,2975000.0,17907000.0,15403000.0,14938000.0,-8580000.0,0.0,,,,-0.01,-0.01,,,-4300000.0,,,,,,,,,,,,,,,,,,,0.0,0.0,,,0.374,,,,,,,,,,33360000,51000000.0,1252000.0,,,,10900000.0,,,,2800000.0,1892000.0,,,,,,,,,,,,,,,,,,,13000000.0,,0.041,,22380000.0,,32400000.0,,28600000.0,23700000.0,26100000.0,29400000.0,130586000.0,68216000.0,,18342000.0,,,,,,,,,,18342000.0,,1032973000.0,-94699000.0,,,,3635000.0,,261266000.0,,,,37906000.0,,,,,150914000.0,0.27,0.26,,1953000.0,,,0.0,0.0,,,,,,,2208000.0,,2251000.0,,,,-8360000.0,18952000.0,,2107000.0,91000.0,,928752000.0,,,,,,,,3800000.0,,,,0.0,428604000.0,,,,,,,,,,,,,,,,,,2417714000,193469000,,,2364000.0,,453867000.0,,,570841000.0,40498000.0,297982000.0,35067000.0,3386000.0,9580000.0,2463996000.0,13820000.0,56454000.0,,,,,,37906000.0,,,,2542911000.0,-27752000.0,,0.0,0.0,,26.0,,4.0,,3.0,69609000.0,,,,284000000.0,1308511000.0,,128982000.0,57470000.0,72992000.0,89365000.0,108931000.0,,61817000.0,,,,37172000,,-9066000.0,,-4273000.0,,,,,,,,-82000.0,-836000.0,37000.0,-561000.0,1960000.0,-693000.0,,,,0.0,1636000.0,592000.0,,,,-7709000.0,,17068000.0,52875000,,802000.0,,,,,0.0,-89000000.0,5209000.0,,,,10816000.0,,,143600000.0,2240000.0,,,,126000000.0,144000000.0,26518000.0,,,,,,0.0,0.0,,,600000000.0,526753000.0,,65000.0,,,-66073000.0,,,,,,,152763000.0,1053841000.0,,24686000.0,,,,,,674432000.0,,,,,,,,5455000.0,593000.0,10000000.0,643418000,,,36458000.0,,,584681000.0,,37400000.0,36400000.0,,,,,,,,,,,,,,,,,,5654717.0,7.69,,,,,,,,,,,,,,,,,,,10574000.0,,27801000.0,30610000.0,1414161000.0,,,,,,,4400000.0,500000000.0,,,,,24077000.0,,,,,351813000.0,101051000.0,1487000000.0,-991000.0,8245000.0,,,,,800000.0,,827000.0,,62000.0,713000.0,1900000.0,15000000.0,,,,,,,,,210000000.0,,,,,159000000.0,,,0.0,-5000000.0,,,,,,,,,,,,,,1
11,84496000,,2748000.0,41927000,437946000.0,-5105000.0,,6436000.0,4378000.0,892948000,,,,12708000.0,7973000.0,,,7400000.0,,,,,,,936590000,,,2000000.0,,,,,0.2,0.2,1.64,1.61,,,,,,,259518000.0,,2440514000.0,,,17000000.0,,,,,1765000.0,,,,,,,,,,394259000.0,,,,277003000.0,,,,,,,345202000.0,,,-223000000.0,,,,,,0.01,500000000.0,146528723,146528723,1465000.0,,1015000.0,,80672000.0,97000000.0,52000000.0,989838000.0,5391000.0,,6072000.0,115150000.0,23906000.0,159925000.0,20869000.0,104585000.0,1000446000.0,,,,,9321000.0,2305000.0,,,,21611000.0,-2900000.0,6242000.0,,280850000.0,,-179000.0,,,,,52862000.0,,,35184000.0,,8212000.0,3200000.0,,,,,,,61832000.0,,,,,,,,-97000.0,,,,,,0.032,0.02,194283000.0,,,,,,5000000.0,,,,,,,,,2220000.0,62975000.0,,-142000000.0,2442000.0,1931000.0,,,,,,,,,,,54000.0,1612000.0,,,,,27940000.0,,,17907000.0,,14938000.0,-9000000.0,0.0,,,224000.0,,,,,-4300000.0,,,,,,,,,,,,,,,,111130000.0,,,0.0,0.0,0.89,0.88,,0.35,,,0.002,-0.037,0.009,0.0,0.029,,54645000,71000000.0,,,39551000.0,,2755000.0,15000000.0,15000000.0,,,-1643000.0,44386000.0,,,,,,,,,,,,,,,,,,14000000.0,,0.035,,24394000.0,,33100000.0,,46800000.0,22400000.0,27600000.0,30000000.0,129971000.0,70484000.0,,,,,,,,,,,,,0.0,1032973000.0,,,,,16135000.0,,,,,0.0,,2321000.0,361283000.0,114544000.0,203701000.0,414104000.0,,,568000.0,,0.01,0.01,,,77911000.0,,,,,,,,,,8599000.0,1909000.0,,,,,182000.0,,928752000.0,21617000.0,,-31215000.0,,,,,3600000.0,,,,0.0,429000000.0,,,,,,,,,,,,,,,,,71000000.0,2538012000,227526000,,,2276000.0,,,,,613691000.0,46379000.0,278000000.0,34000000.0,3000000.0,3000000.0,10000000.0,2334000000.0,,,,,,,,859000.0,,,2542911000.0,-11648000.0,,0.0,0.0,,26.0,,4.0,,3.0,,,218998000.0,1104936000.0,,1308511000.0,646345000.0,134572000.0,63638000.0,78838000.0,95568000.0,114205000.0,220358000.0,186038000.0,122400000.0,,,38024000,,350000.0,,8507000.0,-48338000.0,,-3341000.0,,,-9512000.0,,,,67000.0,,2093000.0,-713000.0,496000.0,,,,,,-69000.0,,,-6718000.0,-2722000.0,17068000.0,55240000,,-6556000.0,573000.0,,,,,88743000.0,,46000000.0,,,,7581000.0,,143578000.0,2240000.0,,,,70000000.0,,28948000.0,,,,0.0,0.0,0.0,0.0,200000000.0,,,,841000000.0,-1436000.0,,,-74822000.0,,13962000.0,,,,,,1053841000.0,,,,-9498000.0,,,18000000.0,,594214000.0,,1473000000.0,8936000.0,18791000.0,,,,223000.0,,692649000,9496249000.0,8225000.0,90961000.0,,,584681000.0,,,36369000.0,228437000.0,,208603.0,,,,,,,,,,,,,,,,7.78,,,,,,,,,,,,,,,,,,,10574000.0,,,48778000.0,1414161000.0,,,,,0.0,11919000.0,10900000.0,1000000000.0,,,,,24077000.0,,-6171000.0,,,,,,-7709000.0,2445000.0,4305000.0,,,1182000.0,,0.0,348000.0,,45000.0,872000.0,,1000000.0,145798000.0,143258000.0,,,,,,,284000000.0,,,,,,,,-17000000.0,-1000000.0,,,,,,,,,,,,,,1
12,210875000,,2748000.0,59543000,,-6890000.0,-664000.0,6436000.0,,902782000,,1200000.0,,,,10028000.0,6147000.0,8700000.0,,,9500000.0,,,2355379000.0,1149735000,,,290000000.0,,,,,,,0.89,0.87,,,,,,,259518000.0,204301000.0,3004888000.0,,,,8000000.0,,,-200000.0,700000.0,,,,,,,,,,,,,,,,1425000.0,,,,,,-13217000.0,,278040000.0,,,,,,0.01,500000000.0,146948608,146948608,1470000.0,42980000.0,,259699000.0,,97000000.0,52000000.0,,5085000.0,,,,,,,104585000.0,981846000.0,,,,,,,,,,,,,348553000.0,279296000.0,,,188346000.0,,35565000.0,,53328000.0,3378000.0,177094000.0,45690000.0,7858000.0,7699000.0,1800000.0,36626000.0,9687000.0,62059000.0,11252000.0,196054000.0,,88796000.0,19439000.0,72231000.0,,,,,,,,,,,,,,194000000.0,,,,,,5000000.0,,,,,,,,,,63000000.0,,,,,,,,,,,,,,,0.0,,,,,57700000.0,,41428000.0,4789000.0,17907000.0,21818000.0,,8600000.0,0.0,,,,-0.01,-0.01,,,-4000000.0,,,,,,,,,,,,,,,,,,,,,,,0.374,,,,-0.002,,,,,221000.0,53256000,,3881000.0,,,,,,,,700000.0,-1643000.0,43472000.0,,,,,,,,,,,,,,,,,,,,0.035,,27348000.0,,32500000.0,,49300000.0,22000000.0,26700000.0,29100000.0,136045000.0,108910000.0,,0.0,,,,,,,,,,0.0,,1032973000.0,-22295000.0,,,,16619000.0,,261266000.0,,,35682000.0,37906000.0,,,,,122381000.0,0.27,0.26,,,,,,,,,,88294000.0,11466000.0,10156000.0,2208000.0,,2251000.0,67795000.0,,,,18952000.0,12309000.0,2068000.0,182000.0,,,,,-31215000.0,,,27421000.0,,3100000.0,,514894000.0,,,403000000.0,,,,,,,,,,,,,,,,,,3199704000,397693000,,,1788000.0,,410851000.0,,,926552000.0,52103000.0,,,,,,,57292000.0,,,18962000.0,-191583000.0,159183000.0,37906000.0,1040000.0,,,,,,,,,26.0,,4.0,,3.0,69609000.0,,216177000.0,1112230000.0,,1308511000.0,707236000.0,138670000.0,65001000.0,81635000.0,100363000.0,121263000.0,197170000.0,142000000.0,,,,40898000,,,,,,,,,,,,25000.0,-112000.0,30000.0,,133000.0,-20000.0,,,,,4753000.0,1701000.0,,,,-11266000.0,,17068000.0,60796000,,-6556000.0,,,,,,-89000000.0,-3174000.0,70462000.0,,,11048000.0,,,,185671000.0,61438000.0,,,,,28948000.0,,,1500000.0,0.0,,0.0,0.0,,,,1111369000.0,1287810000.0,5000000.0,,,-116000000.0,1441000.0,,,,,,310629000.0,,342181000.0,25000000.0,222581000.0,,1500000.0,,4375000.0,808039000.0,,,1392004000.0,600000.0,,,,5217000.0,668000.0,5000000.0,748794000,,,57603000.0,,,,,37400000.0,37759000.0,,,,,,,,,,,,,,,,,,,7.95,,,,,,,,,,,,,,,,,,,,,6601000.0,67365000.0,1414161000.0,,,,,251334000.0,,,1000000000.0,,,,,24077000.0,,,16495915.0,,,291813000.0,,-6718000.0,10841000.0,2303000.0,,743000.0,,1000000.0,,302000.0,,0.0,550000.0,,,,,0.0,,,,,,74000000.0,,,,,,,,,,,,,,,,,,,,,,,1
13,210875000,,,77769000,485592000.0,-6890000.0,-664000.0,265000.0,,902782000,,,,12708000.0,7973000.0,,,9500000.0,,,9500000.0,,,2417714000.0,1149735000,,,,,,,,0.18,0.18,0.89,0.87,,,,,,,,59909000.0,796780000.0,,,1000000.0,8200000.0,,,-200000.0,712000.0,,,,,,,,,,,,,,,,766000.0,,,,,341346000.0,-31172000.0,321447000.0,278000000.0,,,,,,,,146948608,146948608,1470000.0,142402000.0,,,143566000.0,,,346197000.0,,,,,,,,,1118478000.0,,,,,,2314000.0,,,,20604000.0,,,,279000000.0,,,,,,,53129000.0,,,45690000.0,,,2000000.0,,,,,,,88796000.0,,,,,,,,-21000.0,,,,,,0.028,0.017,133000000.0,,,,,,,,,,,,,,,720000.0,61000000.0,,139000000.0,996000.0,925000.0,,,,,,,,,,,0.0,628000.0,,,,53900000.0,9549000.0,11926000.0,2717000.0,18000.0,21818000.0,14938000.0,-8580000.0,0.0,,,,,,,,,,,,,,,,,,,,,,,,111130000.0,,,,,0.25,0.25,,,,,0.002,,,-0.003,,19000.0,53256000,,,,39551000.0,,183467000.0,2460000.0,2460000.0,,,,48567000.0,,,,,,,,,,,,,,,,,,,,0.035,,29787000.0,,32800000.0,,41500000.0,22400000.0,27300000.0,29800000.0,136502000.0,108910000.0,,,,,,,,,,,,,-324000.0,,,,,,,,805980000.0,,,15023000.0,125790000.0,-46000.0,,,58295000.0,122381000.0,0.88,0.86,376000.0,,,,,,22394000.0,,,3313000.0,25065000.0,-9658000.0,,,,-2678000.0,5286000.0,-11910000.0,,,19039000.0,4136000.0,,,889609000.0,7186000.0,,,,,6944000.0,,2700000.0,,556541000.0,,,,,,,,,,,,,,,,,,,,,3199704000,397693000,,,145104000.0,,,,,926552000.0,71716000.0,,,,,,,69259000.0,,,-46987000.0,-61519000.0,77315000.0,127743000.0,378000.0,,,,-14322000.0,,,,,,,4.0,,3.0,224745000.0,,219239000.0,1122116000.0,,1308511000.0,748901000.0,124164000.0,55408000.0,67437000.0,84474000.0,103909000.0,221946000.0,72780000.0,,,,40898000,,,,,-14507000.0,,-4233000.0,,,8285000.0,,,724000.0,97000.0,-2636000.0,3647000.0,-1257000.0,-171000.0,,,,,,-624000.0,,,-3557000.0,-2333000.0,,60796000,,,274000.0,,,,,0.0,,,,,,,,,-4400000.0,18093000.0,,,,,28948000.0,,,,,0.0,0.0,,200000000.0,,0.0,,1288000000.0,,,,25574000.0,91000.0,2610000.0,,,,,,1397072000.0,358443000.0,2000000.0,236628000.0,-9000000.0,,,4000000.0,,597339000.0,,1392000000.0,,2608000.0,,,,46000.0,,748794000,3147773000.0,14716000.0,138774000.0,,,1795818000.0,,44100000.0,,77671000.0,,169605.0,,,,,,,,,,,,,,,,8.04,,,,,,,,,,,,,,,,,,,,,13623000.0,,1414161000.0,,,,,,4581000.0,3900000.0,1000000000.0,,,,,,,12518000.0,16495915.0,,439819000.0,,,-11266000.0,-1000000.0,2303000.0,,,,800000.0,,,,,,1500000.0,,145857000.0,143271000.0,,,,,,,,,,,,,,,,,,,,,,,,,,,,,,1
14,210875000,,2748000.0,77769000,495644000.0,-6890000.0,-634000.0,,,902782000,,-1200000.0,,,,3426000.0,2100000.0,9500000.0,,,,,,2538012000.0,1149735000,,,,,,,,0.56,0.55,,,,,,,,,285620000.0,,990919000.0,,,,10107000.0,,,1345000.0,2504000.0,,,,,,,,,,,,,,,,,,,,,,,,16546000.0,,,,,,,,146948608,146948608,1470000.0,,,56423000.0,101450000.0,100000000.0,56000000.0,,9095000.0,,1478000.0,144924000.0,29046000.0,198022000.0,24052000.0,105435000.0,1118478000.0,,,,,22233000.0,2394000.0,,,,19965000.0,-1057000.0,22388000.0,436664000.0,279000000.0,,1212000.0,132826000.0,,17886000.0,,,10119000.0,111299000.0,45257000.0,11734000.0,8971000.0,2000000.0,19074000.0,4963000.0,40317000.0,21527000.0,237254000.0,,88796000.0,16165000.0,67467000.0,,,,,,,,,,,,,,,,,,,,,,,,,,,,,,,,142000000.0,,,,,,,,,,,,,,,,,,84000000.0,,,402000.0,20013000.0,21818000.0,14900000.0,-8600000.0,0.0,,,,0.0,0.0,,,,,,,,,,,,,,,,,,,111130000.0,,,,,,,0.368,0.35,,,,-0.036,0.005,0.002,0.028,,53256000,,1326000.0,,,,183467000.0,,,,,-823000.0,57336000.0,,,,,,,,,,,,,,,,,,,,0.035,,29787000.0,,33200000.0,,42700000.0,22500000.0,27400000.0,29900000.0,136502000.0,108910000.0,,18342000.0,,,,,,,,,,,,,179447000.0,,,,16619000.0,,,,,15000000.0,,,460637000.0,127251000.0,,536974000.0,,,,,,,0.0,0.0,,,,,29537000.0,,3604000.0,,41324000.0,,,,,5224000.0,,1993000.0,219000.0,,880123000.0,,,,,,,,2000000.0,,605665000.0,,,,,,,,,,,,,,,,,,,,,3199704000,397693000,,,145104000.0,,484851000.0,,,926552000.0,71716000.0,,,,,,,54933000.0,,,,,,,3050000.0,,,2471609000.0,,,,,,5.0,,4.0,,3.0,,,221811000.0,1197963000.0,,,773316000.0,134413000.0,60918000.0,73985000.0,92979000.0,113676000.0,251142000.0,,148500000.0,,,40898000,,,,,,,,,,,,-2103000.0,0.0,30000.0,2636000.0,1554000.0,-544000.0,-3519000.0,,,,,,,,,-11313000.0,,,60796000,,702000.0,,,,,,0.0,-1014000.0,190762000.0,,,11048000.0,2281000.0,,,0.0,,,,,,28948000.0,,,1500000.0,,,10304000.0,-600000000.0,,,0.0,1111369000.0,3613568000.0,4316000.0,,,26000000.0,,,,,,,157866000.0,1205770000.0,371160000.0,4000000.0,231147000.0,0.0,1500000.0,,323750000.0,1098518000.0,,,2792867000.0,23084000.0,6465000.0,,,5367000.0,2423000.0,14000000.0,748794000,,,128539000.0,,,,,44100000.0,39548000.0,,,,,,,,,,,,,,,,,,,8.63,,,,,,,,,,,,,,,,,,,,,20514000.0,18470000.0,,,,,,,10112000.0,10900000.0,1000000000.0,,,,,,,,16495915.0,,439819000.0,,,,,,,,0.0,1000000.0,1376000.0,302000.0,,4364000.0,134000.0,,,291714000.0,286542000.0,0.0,,,,,,,,,,,,,,,,,,,,,,,,,,,,,1
15,210875000,,2748000.0,77769000,,,-634000.0,265000.0,,901313000,,-896000.0,,4010000.0,2561000.0,,,9500000.0,,,,,,3199704000.0,1149735000,,,,,,,,0.26,0.26,0.55,0.54,,,,,,,,54190000.0,3804179000.0,,,18000000.0,3077000.0,,,1300000.0,,,,,,,,,,,,,,,,,-1673000.0,,,,193536000.0,337250000.0,-53433000.0,381422000.0,90549000.0,,,,,,,,293897216,293897216,2939000.0,36625000.0,,,,104000000.0,58000000.0,1376401000.0,,,,,,,,106612000.0,1118478000.0,,,,,,2433000.0,,,,19063000.0,,,,279000000.0,,,,,,,63938000.0,,,,,,,,,,,-237254000.0,,88796000.0,,,,,,,,-54000.0,,,,,,,,,,,,,,,,,,,,,,,2949000.0,,,-141000000.0,3476000.0,3762000.0,,,,,,,,,,,,3215000.0,,,,30000000.0,37996000.0,24797000.0,0.0,16805000.0,21818000.0,14900000.0,-8580000.0,0.0,,,0.0,-0.01,-0.01,,,,,,,,,,,,,,,,,,,111130000.0,,,,,1.18,1.16,,,,,,,,,,-11000.0,53256000,,,,41057000.0,,183467000.0,4053000.0,4053000.0,,,823000.0,57336000.0,,,,,,,,,,,,,,,,,,,,,,29787000.0,,29800000.0,,46000000.0,18300000.0,22900000.0,27300000.0,136502000.0,108910000.0,,,,,,,,,,,,,0.0,,,,,,,,261424000.0,,,,35901000.0,2800000.0,,,270125000.0,,0.25,0.25,974000.0,,0.0,0.0,,,103007000.0,,,51238000.0,29537000.0,-4525000.0,11344000.0,,,19578000.0,,16913000.0,,,24769000.0,3986000.0,438000.0,,837272000.0,29765000.0,,-8595000.0,,,11140000.0,,1500000.0,,736846000.0,,,,,,,,,,,,,,,,,,,,,3199704000,397693000,,,145104000.0,,,,,926552000.0,,,,,,,,39704000.0,,,-16533000.0,-137969000.0,101080000.0,35901000.0,1015000.0,,,2601827000.0,-2674000.0,,,,,5.0,,4.0,,3.0,65207000.0,,221811000.0,1197963000.0,,,760261000.0,146774000.0,66396000.0,82568000.0,102397000.0,124121000.0,253329000.0,,,,,40898000,,,,,-74346000.0,,,,,,,-147000.0,-361000.0,10452000.0,-318000.0,-5200000.0,-1801000.0,0.0,,,,1641000.0,585000.0,-185000.0,,,,-3981000.0,15899000.0,60796000,,,564000.0,,,,,0.0,,,,,,,,43517000.0,7114000.0,42540000.0,,,,,,,,,,,10304000.0,0.0,200000000.0,,0.0,,3614000000.0,,,,39533000.0,162000.0,5109000.0,,,,,,,424098000.0,-4000000.0,281764000.0,-16014000.0,,,324000000.0,,600464000.0,,2793000000.0,23084000.0,19518000.0,,,,2377000.0,,748794000,12506109000.0,25049000.0,244073000.0,,,607621000.0,,,40000000.0,310228000.0,,,,,,,,,,,,,,,,,,,,,,,,,,,,,,,,,,,,,10711000.0,,27936000.0,37117000.0,,,,,,251334000.0,14187000.0,,1000000000.0,,,,,,,,17314602.0,,439819000.0,-88006000.0,,-3557000.0,,1693000.0,,0.0,,,,,,5000000.0,,1000000.0,,291714000.0,286542000.0,,,,,,,,,,,,,,,,,,,,,,,,,,,,,,1
16,212538000,,9756000.0,79214000,606112000.0,,,10850000.0,-7339000.0,913930000,,,,15634000.0,15737000.0,13107000.0,8048000.0,,,,5300000.0,,,3199704000.0,1174278000,,,,,,,,0.25,0.25,0.93,0.91,,,,,,,97872000.0,246916000.0,,,,2000000.0,,,,105000.0,-1222000.0,,,,,,,,,,,,,,,,3534000.0,,,,,337250000.0,,,62000000.0,,,,,,0.01,500000000.0,147404921,147404921,1474000.0,196925000.0,,115750000.0,76922000.0,102000000.0,57000000.0,1376401000.0,16162000.0,,1467000.0,,,,,97314000.0,,,,,,,2824000.0,,,,21476000.0,,,762278000.0,256000000.0,,,471598000.0,,12679000.0,,63938000.0,,429783000.0,,16287000.0,11777000.0,1000000.0,31053000.0,4755000.0,51869000.0,41815000.0,300010000.0,,89160000.0,8916000.0,100461000.0,,,,,,-253000.0,,,,,,,,,,,,,,,,,,,,,,,780000.0,,,-153000000.0,985000.0,1045000.0,,,,,,,,,,,,587000.0,,,,,37996000.0,38308000.0,,24606000.0,2691000.0,9568000.0,2000000.0,,,,0.0,-0.02,-0.02,,,,,,,,,,,,,,,,,,,78000000.0,,,0.0,0.0,0.59,0.58,0.363,,,,,,,-0.007,,,43972000,,5059000.0,,0.0,,,,,,,-230000.0,,,,,,,,,,,,,,,,,,,,,0.035,,,,82800000.0,,51000000.0,60400000.0,75100000.0,90800000.0,,108206000.0,,0.0,,,,,,,,,,,,1121754000.0,-163000000.0,,,,3371000.0,,1093480000.0,,,33497000.0,167118000.0,740000.0,,,270125000.0,152763000.0,1.17,1.15,103000.0,0.0,0.0,0.0,,,103007000.0,,,,29537000.0,,,,2688000.0,,,,,,,4250000.0,220000.0,,850338000.0,,,,,,,,-2400000.0,,736846000.0,,0.0,,,,,,,,,,,,,,,,,,,3260001000,457074000,,,0.0,,,,,856068000.0,,,,,,,,39704000.0,,,,,,169071000.0,,,,2601827000.0,,,0.0,0.0,,2.0,,5.0,,3.0,297877000.0,,,,,1283212000.0,795391000.0,172688000.0,70136000.0,92563000.0,114178000.0,142782000.0,232894000.0,,168400000.0,,,47358000,,,,,5698000.0,,,,,,,,,-2103000.0,275000.0,-5366000.0,-1771000.0,,,,,6439000.0,2289000.0,,,,-503000.0,-1259000.0,,67183000,,-3961000.0,2013000.0,,,,,,-458000.0,,,,,4440000.0,,,,61294000.0,,,,,45546000.0,,,,,19505000.0,301297000.0,,200000000.0,,0.0,331342000.0,5034867000.0,7316000.0,,,-18000000.0,,,,,,,134480000.0,1476716000.0,424098000.0,3000000.0,281764000.0,-16000000.0,,,323750000.0,,,,3716955000.0,34200000.0,45062000.0,,,5279000.0,,,829785000,3000935000.0,1828000.0,137129000.0,,,2469881000.0,,76000000.0,52000000.0,310228000.0,,,,,,,,,,,,,,,,,,9.2,,,,,,,,,,,,,,,,,,,,,15135000.0,74000000.0,1485370000.0,4418981000.0,,,,,,,1000000000.0,,,,,24077000.0,,,17314602.0,,469105000.0,,,1145000.0,,1445000.0,,0.0,0.0,,,,,,,1000000.0,,148007000.0,145765000.0,,,,,,,,,,,,,,,,,,,,,,,,,,,,,,1
17,224276000,,16473000.0,80801000,,,,,-8961000.0,928081000,,-161000.0,,15634000.0,,,,9100000.0,,,,,,,1253007000,,,,,,,,,,0.93,0.91,,,,,,,189183000.0,,1039026000.0,,,,11000000.0,,,,,,,,,,,,,,,,,,,,-3567000.0,,,,,337250000.0,-47442000.0,528387000.0,,,,,,,0.01,500000000.0,147973454,147973454,1480000.0,,,,,102000000.0,57000000.0,443002000.0,,,5187000.0,,,,,97314000.0,1067510000.0,,,,,,2824000.0,,,,21476000.0,,-16162000.0,,246000000.0,,,,,,,,,,,,,,,,,,,,88777000.0,,,,,,,,,,,,,,,,,,,,,,,,,,,,,,,,,,-153000000.0,,,,,,,,,,,,,,,,,,27300000.0,10839000.0,,,24606000.0,2691000.0,,-2000000.0,0.0,,,,,,,,,,,,,,,,,,,,,,,,78000000.0,,,0.0,0.0,0.4,0.39,,,,,,,,,,982000.0,34798000,,,,0.0,,185262000.0,7973000.0,7973000.0,,,230000.0,54505000.0,,,,,,,,,,,,,,,,,,,,0.035,,31828000.0,,90700000.0,,61000000.0,49000000.0,62200000.0,75500000.0,133457000.0,105577000.0,,,,,,,,,,,,,,1476063000.0,,,,,,,,,,33000000.0,,,,,95723000.0,310629000.0,,,,0.0,,,-478000.0,0.0,37541000.0,,,113433000.0,,28589000.0,3400000.0,,,90091000.0,,8138000.0,,,18074000.0,,440000.0,,850338000.0,6409000.0,,-12492000.0,,,21354000.0,,-1400000.0,,,,0.0,,,,,,,,,,,,,,,,,,,3425409000,445322000,,,0.0,,855402000.0,,,954067000.0,79531000.0,,,,,,,,,,311411000.0,-571607000.0,211772000.0,,,,,2601827000.0,-5470000.0,,0.0,0.0,,,,4.0,,3.0,,,200637000.0,1219267000.0,,1353124000.0,856456000.0,188098000.0,80143000.0,106987000.0,132020000.0,162716000.0,286127000.0,,,,,44655000,,,,,,,-3201000.0,,,9720000.0,,-120000.0,,,0.0,,,,,,,6439000.0,2289000.0,-2278000.0,,,1145000.0,,18675000.0,74320000,,,106000.0,,,,,,-11313000.0,101000000.0,,,,,,180512000.0,11066000.0,,,,,,44391000.0,,,41500000.0,,,,,,,0.0,,5035000000.0,5239000.0,,,-26000000.0,1743000.0,11919000.0,,,,,,,,-3000000.0,,-16014000.0,121500000.0,,324000000.0,294276000.0,3125000.0,,3717000000.0,31592000.0,,,,,,6000000.0,893783000,,4279000.0,177948000.0,,,,,,,89761000.0,,,,,,,,,,,,,,,,,,9.2,,,,,,,,,,,,,,,,,,,12447000.0,,23517000.0,18000000.0,1535702000.0,4776975000.0,,,,,,3300000.0,2000000000.0,,,,,24077000.0,,12921000.0,,,469105000.0,88006000.0,,1648000.0,,,,0.0,,1000000.0,0.0,,,,,1000000.0,,,,,,,,,,,,,,,,,,,,,,,,,,,,,,,,,1
18,219098000,,,85256000,661819000.0,,,10850000.0,-8961000.0,938516000,,1057000.0,,,15737000.0,4010000.0,2446000.0,11900000.0,,,9000000.0,,,,1296349000,,,,,,,,,,0.33,0.32,,,,,,,94211000.0,75236000.0,1112770000.0,,,,3990000.0,,,-1240000.0,-2012000.0,,,,,,,,,,,,,,,,3567000.0,,,,,,,,4000000.0,,,,,,0.01,500000000.0,297016666,297016666,2970000.0,89848000.0,,373349000.0,159217000.0,102000000.0,57000000.0,,7067000.0,,5002000.0,159547000.0,45545000.0,232212000.0,27120000.0,97314000.0,1376481000.0,,,,,-37486000.0,2824000.0,,,,21476000.0,-13095000.0,-4516000.0,764657000.0,280000000.0,,4044000.0,548097000.0,,15591000.0,,73822000.0,,487822000.0,,27538000.0,24961000.0,1000000.0,34143000.0,5362000.0,59241000.0,60275000.0,274456000.0,,89486000.0,11364000.0,95007000.0,,,,,,-290000.0,,,,,,,,,,,,,,,,,,,,,,,1340000.0,,,,1995000.0,2606000.0,,,,,,,,,,,,1661000.0,,,,27000000.0,,13511000.0,,24606000.0,2691000.0,8470000.0,0.0,-4000000.0,,,,,,,,,,,,,,,,,,,,,,,,,,,,,,,,0.35,,,,-0.032,0.013,0.009,0.027,,48256000,,1564000.0,,0.0,,181996000.0,,,,,-1765000.0,53841000.0,,,,,,,,,,,,,,,,,,,,,,34821000.0,,97000000.0,,62000000.0,50300000.0,63800000.0,77300000.0,183592000.0,108697000.0,,0.0,,,,,,,,,,,0.0,1476063000.0,,,,,11713000.0,,,,,,,718000.0,513844000.0,163437000.0,,,0.58,0.57,103000.0,0.0,,,,,,,,,2441000.0,,3543000.0,,,,,,,,,2289000.0,436000.0,,,,,,,,,,-1400000.0,,,,,,,,,,,,,,,,,,,,,,,3502575000,464519000,,,0.0,,855402000.0,,,929743000.0,64962000.0,,,,,,,29484000.0,,,,,,,,,,2601827000.0,,,,,,,,4.0,,3.0,,,201071000.0,1215279000.0,,1353124000.0,911468000.0,200450000.0,82494000.0,110063000.0,136462000.0,168926000.0,255301000.0,,212000000.0,,,46321000,,,,,1882000.0,,-3201000.0,,,9720000.0,,,,,-100000.0,,,,,,,1698000.0,602000.0,,,,1648000.0,,18675000.0,78909000,,,,,,,,,-1009000.0,291813000.0,,,253000.0,4438000.0,,,,18754000.0,,,,,,,,,,18469000.0,301297000.0,,,,563450000.0,500087000.0,289000000.0,7184000.0,,,-8000000.0,,,,,,,483168000.0,1800760000.0,,-4798000.0,,-16000000.0,,,0.0,,,,334000000.0,38556000.0,,,,0.0,,,947831000,5627258000.0,6240000.0,248480000.0,,,2469881000.0,,78400000.0,54000000.0,,,,,,,,,,,,,,,,,,,9.08,,,,,,,,,,,,,,,,,,,12447000.0,,31245000.0,38000000.0,1579723000.0,4776975000.0,,,,,2840000.0,,2000000000.0,,,,,24077000.0,,12921000.0,18800501.0,,,,,-14170000.0,,,,,958000.0,,,5000.0,,,132000.0,,,148131000.0,145917000.0,0.0,,,,,,,,,,,,,,,,,,,,,,,,,,,,,1
19,219335000,,17440000.0,90422000,691086000.0,,7648000.0,10850000.0,-8961000.0,950338000,,-1057000.0,,,,,,14100000.0,,,,,,,1384351000,,,,,,,,,,0.63,0.62,,,,,,,275745000.0,,2102645000.0,,,,,,,-1200000.0,,,,,,,,,,,,,,,,,3567000.0,,,,95689000.0,,-47442000.0,,64000000.0,,,,,,0.01,500000000.0,297810896,297810896,2978000.0,,,,159000000.0,,,880450000.0,,,13137000.0,,,,,,1312055000.0,,,,,,2866000.0,,,,23157000.0,,0.0,765000000.0,280000000.0,,,,,,,74092000.0,,,,,,,,,,,,,102275000.0,,,,,,,,,,,,,,,,,,,,,,,,,,,,,,,,,,-146000000.0,,,,,,,,,,,,,,,,,,58700000.0,22586000.0,54505000.0,,,2691000.0,8470000.0,,4280000.0,,,,0.0,0.0,,,,,,0.0,,,,,,,,,,,,,,,,,,0.2,0.2,0.362,,,,,,,,,982000.0,44400000,,,,0.0,,199246000.0,7973000.0,7973000.0,,,,51891000.0,,,,,,,,,,,,,,,,,,,,,,38899000.0,,101000000.0,,59000000.0,55000000.0,69800000.0,84500000.0,193328000.0,106715000.0,,,,,,,,,,,,,,1476063000.0,,,,,,,1093480000.0,,,44919000.0,167118000.0,,,,171535000.0,157866000.0,0.58,0.57,,0.0,,,-442000.0,,66647000.0,,,113433000.0,11885000.0,28589000.0,27648000.0,,-774000.0,90091000.0,,,,,18074000.0,4578000.0,,,819335000.0,11080000.0,,-36287000.0,,,21354000.0,,100000.0,,,,,,,,,,,,,,,,,,,,,,,3723456000,487944000,,,0.0,,116082000.0,,,1046762000.0,61123000.0,,,,,,,29435000.0,,,311411000.0,-571607000.0,211772000.0,169071000.0,,,,,-25712000.0,,,,,,,4.0,,3.0,297877000.0,,203126000.0,1188984000.0,,1353124000.0,1041340000.0,182944000.0,75622000.0,92010000.0,122188000.0,151442000.0,351954000.0,,,,,47727000,,,,,,,,,,,,-361000.0,,-4911000.0,8000.0,-1789000.0,-567000.0,,,,,3815000.0,1362000.0,-2250000.0,,,-14170000.0,-3962000.0,36115000.0,74627000,,-4515000.0,2103000.0,,,,,,-10841000.0,,,,253000.0,,,486934000.0,60300000.0,86416000.0,,,,,42276000.0,,,,,,,,,,563450000.0,,,4107000.0,,,,1743000.0,11919000.0,,,,,,1837915000.0,,-5000000.0,,0.0,,,0.0,433840000.0,8750000.0,,,32091000.0,8952000.0,,,0.0,,3000000.0,1010019000,,9860000.0,248000000.0,,,,,,,181156000.0,,,,,,,,,,,,,,,,,,,,,,,,,,,,,,,,,,,,,12447000.0,,,56000000.0,1644085000.0,,,,,251334000.0,10604000.0,3300000.0,2000000000.0,,,,,24000000.0,,,24972099.0,,526084000.0,117292000.0,,,,2630000.0,,1601000.0,,,,,,,,,,,,,,,,,,,,,,,,,,,,,,,,,,,,,,,,,1
20,219335000,,17440000.0,90422000,685751000.0,-6540000.0,,10850000.0,-8961000.0,950338000,,1771000.0,,4949000.0,3002000.0,7978000.0,4866000.0,,,,,,,3260001000.0,1384351000,,,,,,,,,,0.31,0.31,,,,,,,85646000.0,,2395446000.0,,,2000000.0,913000.0,,,,-790000.0,,,,,,,,,,,,,,,,3981000.0,,,,95689000.0,386794000.0,,338063000.0,,,,,,,,,297810896,297810896,2978000.0,144334000.0,,,52000000.0,105000000.0,59000000.0,,22000000.0,,2057000.0,,,,,99680000.0,,,,,,,4620000.0,,,,32832000.0,,-46537000.0,707000000.0,283000000.0,,,562722000.0,,10810000.0,,73997000.0,,517302000.0,,24690000.0,25220000.0,1000000.0,30567000.0,7011000.0,76183000.0,45420000.0,247355000.0,,102275000.0,19086000.0,93499000.0,,,,,,-37000.0,,,,,,,,,,,,,,,,,,,,,,,560000.0,,,-148000000.0,1010000.0,1561000.0,,,,,,,,,,,,1074000.0,,,,59000000.0,,,,33461000.0,,8470000.0,,,,,,,,,,,,,,,,,,,,,,,,,,,,,,,0.2,0.2,0.362,,,,,,,,,,44400000,,3112000.0,,,,208404000.0,,,,,,51556000.0,,,,,,,,,,,,,,,,,,,,,,,,97000000.0,,64000000.0,59000000.0,74000000.0,89000000.0,,106715000.0,,0.0,,,,,,,,,,,0.0,1476063000.0,,,,,,,287500000.0,,,45000000.0,41328000.0,-22000.0,,,,,0.29,0.28,0.0,,,,,,,,,,13825000.0,,32179000.0,,-774000.0,,,-3604000.0,,,,2238000.0,,,798799000.0,,,,,,,,-600000.0,,736641000.0,,,,,,,,,,,,,,,,,,,,,3723456000,487944000,,,0.0,,708060000.0,,,1046762000.0,,,,,,,,27398000.0,,,,,,41328000.0,,,,2577881000.0,,,,,,,,4.0,,3.0,73132000.0,,203108000.0,1209218000.0,,1353124000.0,1198892000.0,205391000.0,80872000.0,103497000.0,136187000.0,169376000.0,477455000.0,,211500000.0,,,47727000,,,,,-3816000.0,,,,,,,,,,,,,,,,,2117000.0,760000.0,,,,-15315000.0,,36115000.0,74627000,,-4515000.0,488000.0,,,,,,-537000.0,,,,,,,,,,,,,,50345000.0,,,80000000.0,,1763000.0,301297000.0,,0.0,,563450000.0,,808000000.0,3383000.0,,,8000000.0,,,,,,,,1840442000.0,430777000.0,-2000000.0,310552000.0,0.0,0.0,,0.0,,,,1117000000.0,32091000.0,,,,0.0,,,1010019000,2626323000.0,10000000.0,159000000.0,,,674063000.0,,84500000.0,55000000.0,,,,,,,,,,,,,,,,,,,,,,,,,,,,,,,,,,,,,,12447000.0,,7451000.0,77000000.0,1644085000.0,,,,,,13647000.0,,2000000000.0,,,,,24000000.0,,,29309510.0,,829768000.0,,,-15315000.0,,,,2000000.0,1000000.0,1000000.0,,,,,,2000000.0,,148144000.0,145954000.0,,,,,,,,,,,,,,,,,,,,,,,,,,,,,,1
21,219335000,,27922000.0,90422000,,-6540000.0,,,,950338000,,-1771000.0,,10562000.0,10902000.0,,,14400000.0,,,13800000.0,,,3425409000.0,1384351000,,,,,,,,,,0.92,0.91,,,,,,,377162000.0,,1032104000.0,,,,,,,-1200000.0,,,,,,,,,,,,,,,,,2469000.0,,,,95689000.0,442936000.0,6922000.0,,,,,,,,,,297810896,297810896,2978000.0,,,83159000.0,,106000000.0,59000000.0,437448000.0,5615000.0,,6472000.0,196825000.0,58123000.0,282097000.0,27149000.0,103679000.0,1305781000.0,,,,,14977000.0,4616000.0,,,,31251000.0,-21543000.0,,,,,4386000.0,563000000.0,,11000000.0,,81744000.0,,518000000.0,,25000000.0,25000000.0,,31000000.0,7000000.0,76000000.0,45000000.0,247000000.0,,,20000000.0,93000000.0,,,,,,,,,,,,,,,,,,,,,,,,,,,,,,,,-145000000.0,,,,,,,,,,,,,,,,,,32000000.0,11747000.0,54505000.0,,35797000.0,2014000.0,8470000.0,,-4280000.0,,,,0.0,0.0,,,,,,0.0,,,,,,,,,,,,,,,,,,0.72,0.71,,0.35,,,,-0.032,0.011,-0.002,0.028,540000.0,44400000,,,,0.0,,208404000.0,2561000.0,2561000.0,,,-712000.0,52000000.0,,,,,,,,,,,,,,,,,,,,,,43784000.0,,88000000.0,,62000000.0,55000000.0,65000000.0,81000000.0,197523000.0,106715000.0,,,,,,,,,,,,,,,,,,,-1505000.0,,343646000.0,,,-3601000.0,58182000.0,,575148000.0,191479000.0,75812000.0,445109000.0,0.4,0.39,,0.0,,,-1199000.0,0.0,29106000.0,,,5710000.0,,-2557000.0,,,,-13000000.0,,-11344000.0,,,22694000.0,4476000.0,430000.0,,799460000.0,4671000.0,,,,,6495000.0,,-1000000.0,,798807000.0,,,,,,,,,,,,,,,,,,,,,3723456000,487944000,,,127000000.0,,745313000.0,,,,41535000.0,,,,,,,15582000.0,,,-57747000.0,-46026000.0,110155000.0,58182000.0,,,,2575299000.0,-25712000.0,,,,,,,4.0,,3.0,107371000.0,,203000000.0,1209000000.0,,,1184594000.0,221493000.0,85547000.0,108044000.0,143199000.0,179078000.0,486199000.0,,247000000.0,,,47727000,,,,,,,732000.0,,,-18248000.0,,-94000.0,,,,-4257000.0,-1570000.0,,,,,19771000.0,7211000.0,-1241000.0,,,-21250000.0,-3962000.0,36115000.0,74627000,,,382000.0,,,,,,171857000.0,88006000.0,,,,3644000.0,,486934000.0,,86416000.0,,,,,50345000.0,,,,,,,,,,,742381000.0,1323000000.0,4107000.0,,,9000000.0,233000.0,4581000.0,,,,,99063000.0,,443565000.0,-8000000.0,309454000.0,0.0,0.0,,0.0,445282000.0,14375000.0,,1451000000.0,,13529000.0,,,,,13000000.0,1010019000,,15000000.0,,,,786648000.0,,84000000.0,,91395000.0,,,,,,,,,,,,,,,,,,,,,,,,,,,,,,,,,,,,,,,14256000.0,,1644085000.0,4897416000.0,,,,0.0,,4100000.0,2500000000.0,,,,,24000000.0,,-18980000.0,34562424.0,,1048809000.0,117000000.0,,,,,,0.0,0.0,,,5000.0,,,534000.0,,,296288000.0,291908000.0,2795000.0,,,,,,,,,,,,,,,,,,,,,,,,,,,,,1
22,219335000,,13763000.0,90422000,807680000.0,,-2737000.0,,,950338000,,,,16292000.0,15998000.0,3968000.0,2420000.0,14400000.0,,,,,,3502575000.0,1384351000,,,,,,,,,,0.29,0.28,,,,,,,,,1176447000.0,,,,10000000.0,,,-1787000.0,-2000000.0,,,,,,,,,,,,,,,,3813000.0,,,,95689000.0,534857000.0,,476426000.0,,,,,,,,,297810896,297810896,2978000.0,54486000.0,,,,108000000.0,59000000.0,,6000000.0,,6901000.0,,,,,106442000.0,1305781000.0,,,,,,291000.0,,,,36906000.0,,,,,,,496000000.0,,15000000.0,,81744000.0,,452000000.0,,19000000.0,17000000.0,1000000.0,11000000.0,9000000.0,71000000.0,44000000.0,255000000.0,,102275000.0,12000000.0,86000000.0,,,,,,-229000.0,,,,,,,,,,,,,,,,,,,,,,,1795000.0,,,-131308000.0,2954000.0,3600000.0,,,,,,,,,,,,2212000.0,,,,93000000.0,,,,29000000.0,1126000.0,,,-4280000.0,,,,,,,,,,,0.0,,,,,,,,,,,,,,,,0.0,0.0,,,,0.35,,,,,,,,,44400000,,1548000.0,,,,208404000.0,,,,,,52000000.0,,,,,,,,,,,,,,,,,,,,0.035,,43784000.0,,,,58000000.0,60000000.0,72000000.0,85000000.0,197523000.0,106715000.0,,0.0,,,,,,,,,,,,,,,,,13354000.0,,343646000.0,,,-4000000.0,58182000.0,1166000.0,,,,,0.4,0.39,103000.0,4975000.0,,,,,,,,,8069000.0,,,,,,,-48886000.0,,,,2186000.0,,,814219000.0,,,-15200000.0,,,,,-1000000.0,,826354000.0,,0.0,,,,,,,,,,,,,,,,,,,3723456000,487944000,,,,,,,,1046762000.0,41535000.0,,,,,,,15582000.0,,,,,,58182000.0,,,,2533421000.0,,,0.0,0.0,,,,4.0,,3.0,107371000.0,,203000000.0,1209000000.0,,1373238000.0,1241010000.0,235821000.0,93289000.0,117564000.0,155314000.0,192208000.0,457967000.0,,,,,47727000,,,,,-42051000.0,,,,,,,,,,,-50090000.0,-18483000.0,,,,,,,,,,,,32913000.0,74627000,,,1997000.0,,,,,,-3510000.0,,,,0.0,,,,6894000.0,,,,,,50345000.0,,,80000000.0,,4602000.0,301297000.0,,35000000.0,,,,1644000000.0,3195000.0,,,-17000000.0,,,,,,,,1988740000.0,453272000.0,8000000.0,301891000.0,,,,,,,,1675000000.0,,,,,0.0,,,1010019000,8674942000.0,,,,,786648000.0,,94000000.0,61000000.0,,,,,,,,,,,,,,,,,,,,,,,,,,,,,,,,,,,,,,,,21917000.0,,1644085000.0,,,,,0.0,15392000.0,,2500000000.0,,,,,24000000.0,,,34600000.0,,1345949000.0,56979000.0,,,,,,,,,,,,,,,,148402000.0,146325000.0,,,,,,,,,,,,,,,,,,,,,,,,,,,,,,1
23,202084000,,,99703000,,-9881000.0,5778000.0,,,961122000,,428000.0,,,,,,,,,,,,3723456000.0,1399562000,,,,,,,,,,1.08,1.07,,,,,,,104958000.0,,3127844000.0,,,,3870000.0,,,-1892000.0,,,,,,,,,,,,,,,,,4058000.0,,,,,534857000.0,20967000.0,,,,,,,,0.01,500000000.0,298477692,298477692,2985000.0,,,154406000.0,,,58000000.0,449576000.0,5649000.0,,1948000.0,,,,,102148000.0,,,,,,,291000.0,,,,36906000.0,,,,,,,,,,,78340000.0,,,,,,,,,,,,,101902000.0,,,,,,,,-61000.0,,,,,,,,,,,,,,,,,,,,,,,-455000.0,,,-131000000.0,,,,,,,,,,,,,,,,,,,12314000.0,33446000.0,,22636000.0,1347000.0,5556000.0,,-2000000.0,,,,,,,,,,,,,,,,,,,,,,,,,,,0.0,0.0,0.16,0.16,0.354,,,,,,,0.012,,682000.0,48465000,,,,,,,11071000.0,11071000.0,,,,50000000.0,,,,,,,,,,,,,,,,,,,,0.0369,,,,,,,66000000.0,80000000.0,110000000.0,,101629000.0,,,,,,,,,,,,,,1499382000.0,,,,,,,343646000.0,,,47000000.0,46706000.0,,,,80018000.0,487565000.0,0.32,0.32,,,,,-2105000.0,0.0,30787000.0,,,110911000.0,,-7892000.0,,,34521000.0,47669000.0,,-18274000.0,,,12394000.0,,,,814219000.0,4847000.0,,-50825000.0,,,20823000.0,,4000000.0,,900803000.0,,0.0,,,,,,,,,,,,,,,,,,,3722699000,504739000,,,,,,,,987979000.0,,,,,,,,,,,31280000.0,-193067000.0,182072000.0,58182000.0,,,,2660000000.0,-12879000.0,,0.0,0.0,,,,4.0,,3.0,107371000.0,,192000000.0,1161000000.0,,1361324000.0,1357065000.0,271642000.0,122149000.0,144700000.0,179921000.0,226936000.0,562869000.0,,,,,54185000,,,,,,,2629000.0,,,-575000.0,,,,,,,,,,,,,,7217000.0,,,-176000.0,342000.0,32522000.0,81910000,,-6126000.0,-623000.0,,,,,,,88006000.0,,,16912000.0,5095000.0,,120315000.0,,41615000.0,,,,,86047000.0,,,,,5000000.0,,,,,,82152000.0,,5350000.0,,,,692000.0,14187000.0,,,,,152105000.0,,494379000.0,-9000000.0,311808000.0,,150000.0,,,,,,,,40051000.0,,,,,18000000.0,1094611000,,,,,,,,,,92986000.0,,,,,,,,,,,,,,,,,,,,,,,,,,,,,,,,,,,,,14823000.0,,7268000.0,,,4838752000.0,,,,0.0,2377000.0,6200000.0,,,,,,24000000.0,,-3204000.0,34600000.0,,1346000000.0,361000000.0,,,,,,,,,,,,,,,,296750000.0,292252000.0,0.0,,,,,,,,,,,,,,,,,,,,,,,,,,,,,1
24,263565000,,,117772000,987481000.0,,8772000.0,,,982386000,,,,,,,,17700000.0,,,15800000.0,,,3723456000.0,1658490000,,,,,,,,,,0.35,0.35,,,,,,,218849000.0,,1200009000.0,,,,,,,,-1851000.0,,,,,,,,,,,,,,,,9487000.0,,,,,,,312000000.0,,,,,,,0.01,1000000000.0,299798228,299798228,2998000.0,,,,,,58000000.0,,5000000.0,,,,,,,102148000.0,1730733000.0,,,,,,,,,,,,7109000.0,,,,,,,,,77968000.0,,,,,,,,,,,,,118044000.0,,,,,,,,-404000.0,,,,,,,,,,,,,,,,,,,,,,,2337000.0,,,-131000000.0,4077000.0,4550000.0,,,,,,,,,,,,3592000.0,,,,129000000.0,,,,22636000.0,1347000.0,2527000.0,,,,,,0.0,0.0,,,,,,6470000.0,,,,,,,,,,,,,,,,,,0.16,0.16,,,,,,,,0.006,,,46083000,,,,,,208210000.0,,,,,-1222000.0,47000000.0,,,,,,,,,,,,,,,,,,,,0.0369,,51430000.0,,,,,70000000.0,80000000.0,93000000.0,280782000.0,148771000.0,,,,,,,,,,,,,,1578605000.0,,,,,,,665882000.0,,,,154119000.0,1888000.0,,,,,0.32,0.32,103000.0,17819000.0,,,,,,,,,,,,,,,,2973000.0,,,,,479000.0,,,,,,,,,,2000000.0,,900803000.0,,,,,,,,,,,,,,,,,,,,,4218315000,559110000,,,,,,,,1311519000.0,35106000.0,,,,,,,16001000.0,,,,,,104888000.0,,,,2660000000.0,,,,,,,,4.0,,3.0,185857000.0,,195000000.0,1127000000.0,,1361000000.0,1429219000.0,294269000.0,131518000.0,158763000.0,210632000.0,256172000.0,532760000.0,,,,,69573000,,,,,-868000.0,,,,,,,3041000.0,,,,,,,,,,,,674000.0,,,466000.0,,23052000.0,87100000,,,,,,,,,-4712000.0,,,,,,,,405000.0,,,,,,76136000.0,,,95050000.0,,5944000.0,,,,,,,,5086000.0,,,,,,,,,,,2127004000.0,494379000.0,9000000.0,311808000.0,,,,,1012362000.0,20000000.0,,,2006000.0,,,,,,,1170333000,11628830000.0,,,,,1546332000.0,,109000000.0,,,,,,,,,,,,,,,,,,,,,,,,,,,,,,,,,,,,,,,14881000.0,,16762000.0,,,4838752000.0,,,,,4207000.0,2000000.0,,,,,,24000000.0,,,37300000.0,,1346000000.0,303684000.0,,,,,,,,1000000.0,,,,,,4000000.0,,296750000.0,292252000.0,,,,,,,,,,,,,,,,,,,,,,,,,,,,,,1
25,284900000,,,146641000,987000000.0,,8772000.0,-8130000.0,,996248000,,3534000.0,,6246000.0,6813000.0,3998000.0,2439000.0,18600000.0,,,,,,,1675651000,,,,,,,,,,,0.34,,,,,,,215120000.0,,,,,8000000.0,328000.0,,,-1900000.0,,,,,,,,,,,,,,,,,,,,,,,,312000000.0,,,,,,,0.01,1000000000.0,300548111,300548111,3005000.0,62988000.0,,317965000.0,,,,1877869000.0,17211000.0,,4305000.0,101839000.0,81081000.0,207845000.0,24925000.0,,1951324000.0,,,,,-6805000.0,289000.0,,,,34810000.0,-20167000.0,,,,,-6521000.0,,,,,77401000.0,,,,,,,,,,,,,118693000.0,,,,,,,,,,,,,,,,,,,,,,,,,,,,,,,,,,-125000000.0,,,,,,,,,,,,,,,,,,,49929000.0,17189000.0,,22636000.0,1347000.0,2527000.0,,,,,,0.0,0.0,,,,,,6470000.0,,,,,,,,,,,,,,,,,,1.06,1.04,0.346,,,,,0.014,0.009,-0.008,0.032,,66366000,,1559000.0,,,,202653000.0,,,,,1222000.0,46000000.0,,,,,,,,,,,,,,,,,,,,0.0432,,59943000.0,,,,,69000000.0,77000000.0,89000000.0,290372000.0,154429000.0,,,,,,,,,,,,,,1597936000.0,,,,,-53399000.0,,,,,,49231000.0,,616842000.0,174180000.0,335771000.0,,1.06,1.04,,12844000.0,,,,,125507000.0,,,,,,,,40551000.0,,,6291000.0,,,,4241000.0,,,777372000.0,24307000.0,,,,,,,4000000.0,,,,,,,,,,,,,,,,,,,,,,,4361059000,642513000,,,,,,,,1250932000.0,71487000.0,,,,,,,16085000.0,,,,,,,,,,2660000000.0,-7368000.0,,,,,,,4.0,,3.0,,,181000000.0,1066000000.0,,1361000000.0,1606711000.0,294269000.0,131518000.0,158763000.0,210632000.0,256172000.0,611801000.0,,,,,78166000,,,,,,,3986000.0,,,10316000.0,,,,,,,,,,,,,,-10737000.0,,,-362000.0,481000.0,36815000.0,89605000,,-7424000.0,672000.0,,,,,,4712000.0,117292000.0,,,16940000.0,5525000.0,,133123000.0,6917000.0,20286000.0,,,,,85799000.0,,,,,6000000.0,,,35000000.0,,,353408000.0,,,,,,,,,,,,403761000.0,2127000000.0,,5000000.0,,,,,,,,,,,,,,,,,1243778000,,,,,,,,,,391942000.0,,,,,,,,,,,,,,,,,,,,,,,,,,,,,,,,,,,,,14881000.0,,26835000.0,,1745085000.0,,,,,,6520000.0,12000000.0,,,,,,,,6330000.0,45400000.0,,1490000000.0,304000000.0,,,,2146000.0,,,,,,50000.0,,,297000.0,,,,,2795000.0,,,,,,,,,,,,,,,,,,,,,,,,,,,,,1
26,349069000,,,140074000,,-11123000.0,,,,1006084000,,-3106000.0,,16967000.0,14455000.0,,,19400000.0,,,,,,,1799817000,,,,,,,,,,0.71,0.7,,,,,,,109269000.0,,4933802000.0,,,,,,,-1643000.0,151000.0,,,,,,,,,,,,,,,,6564000.0,,,,,,11523000.0,312000000.0,,,,,,,0.01,1000000000.0,300805276,300805276,3008000.0,,,80400000.0,,,58000000.0,1877869000.0,5947000.0,,2357000.0,,,,,106331000.0,1864562000.0,,,,,-7000000.0,283000.0,,,,31184000.0,-21000000.0,-33827000.0,,,,-6000000.0,,,,,,,,,,,,,,,,,,133822000.0,,,,,,,,-114000.0,,,,,,,,,,,,,,,,,,,,,,,478000.0,,,-112000000.0,718000.0,1024000.0,,,,,,,,,,,,670000.0,,,,37000000.0,49929000.0,51574000.0,,19019000.0,1110000.0,2527000.0,,,,,,,,,,,,,6470000.0,,,,,,,,,,,,,,,,,,0.34,0.33,,,,,,,,0.009,,795000.0,58695000,,,,,,179169000.0,,,,,2012000.0,48000000.0,,,,,,,,,,,,,,,,,,,,,,76501000.0,,,,,62000000.0,69000000.0,77000000.0,322026000.0,153739000.0,,,,,,,,,,,,,,1690284000.0,,,,,-42056000.0,,,,,,210264000.0,419000.0,,,335771000.0,,0.34,0.33,0.0,,,,,,125507000.0,,,146478000.0,,-15097000.0,,,,95042000.0,,-2749000.0,,,12813000.0,,,,755426000.0,24307000.0,,,,,29026000.0,,2000000.0,,,,,,,,,,,,,,,,,,,,,,,4518774000,677953000,,,,,,,,1264246000.0,61938000.0,,,,,,,14840000.0,,,157072000.0,-352534000.0,206190000.0,,,,,2485000000.0,-21061000.0,,,,,,,4.0,,,,,188000000.0,1091000000.0,,1361000000.0,1828519000.0,294269000.0,131518000.0,158763000.0,210632000.0,256172000.0,777165000.0,,,,,81123000,,,,,-99878000.0,,,,,,,-3903000.0,,,,,,,,,,,,-11411000.0,,,-1586000.0,-5305000.0,32200000.0,88820000,,,2532000.0,,,,,,-9864000.0,117000000.0,,,,3292000.0,,,2824000.0,60636000.0,,,,,85799000.0,,,2100000.0,,7000000.0,,,,,,399758000.0,,-1448000.0,,,,1057000.0,,,,,,152593000.0,,,,,,1758000.0,,,,,,,,42090000.0,,,,,,1321642000,3170786000.0,,,,,759684000.0,,,,391942000.0,,,,,,,,,,,,,,,,,,,,,,,,,,,,,,,,,,,,,14881000.0,,,,1888641000.0,,,,,,,17200000.0,,,,,,,,,55100000.0,,2237000000.0,580000000.0,,,,,,,,,,5000.0,,,,,,299342000.0,294278000.0,,,,,,,,,,,,,,,,,,,,,,,,,,,,,,1
27,349069000,,,140074000,,,,,-104000.0,1006084000,,3106000.0,,22021000.0,17727000.0,15634000.0,9537000.0,19400000.0,,,34500000.0,,,3722699000.0,1799817000,,,,,,,,,,0.37,0.36,,,,,,,319419000.0,,,,,1000000.0,,,,-1643000.0,,,,,,,,,,,,,,,,,21031000.0,,,,64517000.0,,,590194000.0,,,,,,,,1000000000.0,300805276,300805276,3008000.0,270945000.0,,,,,58000000.0,,6000000.0,,,155887000.0,89123000.0,282991000.0,37981000.0,108292000.0,1864562000.0,,,,,-2603000.0,280000.0,,,,29990000.0,-24927000.0,,,,,433000.0,,,,,,,,,,,,,,,,,,133822000.0,,,,,,,,114000.0,,,,,,,,,,,,,,,,,,,,,,,-478000.0,,,-72000000.0,,,,,,,,,,,,,,,,,,76000000.0,,,,8525000.0,709000.0,,,,,,,,,,,,,,,,,,,,,,,,,,,,,,0.0,0.0,0.17,0.17,0.345,,,,,0.019,0.008,-0.001,0.032,,58695000,,6097000.0,,,,179169000.0,15737000.0,15737000.0,,,-790000.0,61000000.0,,,,,,,,,,,,,,,,,,,,,,76501000.0,,,,,,,,322026000.0,153739000.0,,,,,,,,,,,,,,1690284000.0,,,,,-61824000.0,,322236000.0,,,3000000.0,,803000.0,713087000.0,171908000.0,,250770000.0,1.44,1.42,,7852000.0,,,-3070000.0,0.0,,,,,,,,,49993000.0,,,9237000.0,,,,4346000.0,721000.0,,746149000.0,,,-31746000.0,,,,,-2000000.0,,883443000.0,,0.0,,,,,,,,,,,,,,,,,,,4518774000,677953000,,,,,,,,1264246000.0,63515000.0,,,,,,,15000000.0,,,,,,46706000.0,,,,2362000000.0,,,0.0,0.0,,,,4.0,,,78486000.0,,190000000.0,1111000000.0,,1301000000.0,1828519000.0,,,,,,777165000.0,,,,,81123000,,,,,,,625000.0,,,29139000.0,,862000.0,,,,,,,,,,,,11411000.0,,,,,22505000.0,92008000,,-9630000.0,,,,,,,-13950000.0,56979000.0,,,3753000.0,,,265336000.0,,,,,,,85799000.0,,,,,361000000.0,,,11250000.0,,,,,110000.0,,,,,17693000.0,,,,,,,492479000.0,,357580000.0,,,,,1748664000.0,5625000.0,,,41934000.0,50843000.0,,,,,5000000.0,1321642000,3171000000.0,,,,,,,117000000.0,,,,,,,,,,,,,,,,,,,,,,,,,,,,,,,,,,,,,,,,,9294000.0,,1964094000.0,,,,,,,2700000.0,,,,,,,,28514000.0,55100000.0,,2389000000.0,219041000.0,,,,,,,,,,1147000.0,,,297000.0,,,149873000.0,147392000.0,,,,,,,,,,,,,,,,,,,,,,,,,,,,,,1
28,349069000,,,109373000,,,,-11334000.0,-9616000.0,1006084000,,4495000.0,,,,15634000.0,9537000.0,19400000.0,,,,,,4218315000.0,1799817000,,,,,,,,,,0.36,,,,,,,,309617000.0,,4325074000.0,,,,328000.0,,,200000.0,276000.0,,,,,,,,,,,,,,,,,,,,,535000000.0,,590000000.0,,,,,,,,,300805276,300805276,3008000.0,270945000.0,,519099000.0,,,58000000.0,584394000.0,23000000.0,,7330000.0,,,,,106800000.0,1864562000.0,,,,,-3000000.0,280000.0,,,,29990000.0,-24000000.0,-34000000.0,,,,0.0,,,,,,,,,,,,,,,,,,133822000.0,,,,,,,,-669000.0,,,,,,,,,,,,,,,,,,,,,,,1140000.0,,,-72000000.0,1449000.0,4604000.0,,,,,,,,,,,,1526000.0,,,,39000000.0,14893000.0,,,9400000.0,212000.0,2709000.0,,,,,,0.0,0.0,,,,,,,,,,,,,,,,,,,,,,0.0,0.0,0.17,0.17,,,,,,,,0.0,,,58695000,,6097000.0,,,,179169000.0,,,,,790000.0,,,,,,,,,,,,,,,,,,,,,,,76501000.0,,,,,,,,322026000.0,153739000.0,,,,,,,,,,,,,-26650000.0,1690284000.0,,,,,,,,,,,210264000.0,1000000.0,,,128097000.0,,0.72,0.71,0.0,,,,,,47106000.0,,,,,,,,,,,20185000.0,,,,,,,746000000.0,7367000.0,,,,,,,,,972926000.0,,0.0,,,,,,,,,,,,,,,,,,,4518774000,677953000,,,,,,,,1264246000.0,63515000.0,,,,,,,15000000.0,,,,,,,,,,2463000000.0,,,0.0,0.0,,,,4.0,,,,,,,,1268000000.0,1828519000.0,,,,,,777165000.0,,,,,81123000,,,,,-77022000.0,,,,,,,-862000.0,,,,,,,,,,,,-12269000.0,,,,,41286000.0,92008000,,,511000.0,,,,,,-5243000.0,57000000.0,,,,3834000.0,,265336000.0,,,,,,,,,,2100000.0,,361000000.0,,,,,,,,75000.0,,,,432000.0,,,,,,545034000.0,,515353000.0,,413215000.0,,8958000.0,,,,,,,,29696000.0,,,,,4000000.0,1321642000,6605900000.0,,,,,759684000.0,,,,121714000.0,,,,,,,,,,,,,,,,,,,,,,,,,,,,,,,,,,,,,,,21088000.0,,1964094000.0,,,,,,2013000.0,,,,,,,,,,55200000.0,,2389000000.0,219000000.0,,,,1690000.0,,,,,,,,,,,,299746000.0,294784000.0,,,,,,,,,,,,,,,,,,,,,,,,,,,,,,1
29,349069000,,,109373000,,-10091000.0,,-11334000.0,,1006084000,,,,,,,,19400000.0,,,,,,4361059000.0,1799817000,,,,,,,,,,1.06,1.04,,,,,,,98500000.0,,4325074000.0,,,3000000.0,,,,200000.0,-276000.0,,,,,,,,,,,,,,,,3632000.0,,,,42256000.0,312154000.0,3227000.0,329000000.0,,,,,,,,,300805276,300805276,3008000.0,,,,,,58000000.0,,6000000.0,,,156000000.0,90000000.0,284000000.0,38000000.0,107000000.0,1864562000.0,,,,,0.0,280000.0,,,,29990000.0,8000000.0,-27079000.0,,,,-2000000.0,,,,,,,,,,,,,,,,,,133822000.0,,,,,,,,669000.0,,,,,,,,,,,,,,,,,,,,,,,-1140000.0,,,,,,,,,,,,,,,,,,,,,115000000.0,,18128000.0,,3443000.0,127000.0,2251000.0,,,,,,,,,,,,,,,,,,,,,,,,,,,,,0.0,0.0,,,,,,,,,,-0.004,,-1000000.0,58695000,,,,,,179169000.0,3002000.0,3002000.0,,,-2000000.0,,,,,,,,,,,,,,,,,,,,,,,76501000.0,,,,,,,,322026000.0,153739000.0,,,,,,,,,,,,,,,,,,,13915000.0,,322236000.0,,,,,384000.0,713000000.0,172000000.0,,151707000.0,0.72,0.71,,,,,-1162000.0,,,,,5365000.0,,-7911000.0,,,,-9580000.0,,,,,47973000.0,4346000.0,758000.0,,746000000.0,14723000.0,,-15628000.0,,,7241000.0,,,,1018169000.0,,0.0,,,,,,,,,,,,,,,,,,,4518774000,677953000,,,,,,,,1264246000.0,63515000.0,,,,,,,15000000.0,,,-67913000.0,-34293000.0,106433000.0,46706000.0,,,,2463000000.0,-8182000.0,,0.0,0.0,,,,4.0,,,78486000.0,,,,,1193000000.0,1828519000.0,,,,,,777165000.0,,,,,81123000,,,,,,,,,,,,4053000.0,,,,,,,,,,,,12269000.0,,,-1664000.0,-5647000.0,64097000.0,92008000,,,,,,,,,,343830000.0,,,3715000.0,4768000.0,,,,19021000.0,,,,,80254000.0,,,,,372000000.0,,,11250000.0,,,437023000.0,,-7125000.0,,,,,2840000.0,,,,,,,531897000.0,,438800000.0,,,,,,11250000.0,,,41992000.0,,,,,,,1321642000,6606000000.0,,,,,,,126000000.0,,,,,,,,,,,,,,,,,,,,,,,,,,,,,,,,,,,,,,,15491000.0,,31980000.0,,1964094000.0,,,,,,3983000.0,,,,,,,,,,,,2394000000.0,876844000.0,,,,,,,,,,1000000.0,,,332000.0,,,150076000.0,147645000.0,,,,,,,,,,,,,,,,,,,,,,,,,,,,,,1
30,384102000,,,169033000,,-10091000.0,,,,1021510000,,,,11114000.0,6453000.0,4949000.0,3019000.0,18900000.0,,,,,,4518774000.0,2093481000,,,,,,,,,,0.32,0.32,,,,,,,402706000.0,,3188406000.0,,,3000000.0,2418000.0,,,-1053000.0,-125000.0,,,,,,,,,,,,,,,,3407000.0,,,,45112000.0,312154000.0,101820000.0,274134000.0,,,,,,,0.01,1000000000.0,301811389,301811389,3018000.0,66344000.0,,32961000.0,,,,,13000000.0,,,195000000.0,116000000.0,358000000.0,47000000.0,107000000.0,1734635000.0,,,,,,,,,,,,6000000.0,,,,,,,,,,,,,,,,,,,,,,161998000.0,,,,,,,,555000.0,,,,,,,,,,,,,,,,,,,,,,,-662000.0,,,,,,,,,,,,,,,,,,,,,157000000.0,,,,3443000.0,127000.0,0.0,,,,,,,,,,,,,7000000.0,,,,,,,,,,,,,,,,,,0.72,0.71,,0.21,,,,,,,,-1343000.0,74804000,,1930000.0,,,,,10902000.0,10902000.0,,,12000.0,,,,,,,,,,,,,,,,,,,,,,,82762000.0,,,,,,,,314614000.0,229352000.0,,,,,,,,,,,,,,,,,,,-35513000.0,,,,,,261225000.0,754000.0,978000000.0,421000000.0,,402582000.0,0.38,0.38,,,,,-4200000.0,0.0,,,,53459000.0,,14361000.0,,,,6227000.0,,,,,50320000.0,4003000.0,775000.0,,746000000.0,22687000.0,,-48140000.0,,,15286000.0,,,,1076952000.0,,,,,,,,,,,,,,,,,,,,,5209828000,775915000,,,,,,,,1695627000.0,62303000.0,,,,,,,15000000.0,,,241152000.0,-347479000.0,209490000.0,,,,,,,,,,,,,4.0,,,,,,,,1227000000.0,,,,,,,,,,,,95873000,,,,,,,,,,,,150000.0,,,,,,,,,,,,1532000.0,,,,,31596000.0,105261000,,,,,,,,,,100000000.0,,,3750000.0,1505000.0,,13264000.0,,,,,,,81249000.0,,,,,399000000.0,,,11250000.0,,,,,-8298000.0,,,,,10604000.0,,,,,145979000.0,,546651000.0,,458094000.0,,,,,,,,,,7824000.0,,,,,,1426295000,3435000000.0,,,,,,,,,,,,,,,,,,,,,,,,,,,,,,,,,,,,,,,,,,,,,,17658000.0,,,,,4856774000.0,,,,,8863000.0,,,,,,,,,,,,,144000000.0,,,,,,,,,,0.0,,,,,,300226000.0,295338000.0,,,,,,,,,,,,,,,,,,,,,,,,,,,,,,1
31,392659000,,,127119000,,-10091000.0,,,-676000.0,1031807000,,,,16291000.0,13355000.0,,,21100000.0,,,16500000.0,,,4518774000.0,2240726000,,,,,,,,,,0.31,0.31,,,,,,,,,2588173000.0,,,,,,,-230000.0,365000.0,,,,,,,,,,,,,,,,,,,,,312154000.0,,274000000.0,,,,,,,0.01,1000000000.0,302189513,302189513,3022000.0,,,,,,,584600000.0,7000000.0,,10657000.0,212000000.0,107000000.0,379000000.0,60000000.0,107000000.0,1691442000.0,,,,,,276000.0,,,,25093000.0,,,,,,,,,,,,,,,,,,,,,,,,160452000.0,,,,,,,,907000.0,,,,,,,,,,,,,,,,,,,,,,,-1551000.0,,,,2131000.0,9357000.0,,,,,,,,,,,,2214000.0,,,,,15353000.0,70165000.0,,3443000.0,127000.0,1364000.0,,,,,,0.01,0.01,,,,,,0.0,,,,,,,,,,,,,,,,,,0.72,0.71,0.34,0.21,,,,0.011,0.01,-0.008,0.03,,70515000,,,,,,134234000.0,,,,,-12000.0,,,,,,,,,,,,,,,,,,,,,,,92130000.0,,,,,,,,320710000.0,230429000.0,,,,,,,,,,,,,0.0,,,,,,-107286000.0,,334322000.0,,,,261225000.0,1000000.0,1078000000.0,440000000.0,101199000.0,,0.55,0.54,,-4531000.0,,,,,37201000.0,,,,,,,,9653000.0,,,-16581000.0,,,,,,,715000000.0,7964000.0,,,,,,,,,1076952000.0,,,,,,,,,,,,,,,,,,,,,5498845000,750208000,,,,,,,,1879837000.0,39378000.0,,,,,,,15000000.0,,,,,,49231000.0,,,,,-28786000.0,,,,,,,4.0,,,85488000.0,,,,,1249000000.0,,,,,,,,,,,,97147000,,,,,-26743000.0,,,,,,,-150000.0,,,,,,,,,,,,-8924000.0,,,12382000.0,-7984000.0,31596000.0,105832000,,-1645000.0,1228000.0,,,,,,2174000.0,574585000.0,,,,,,,,88255000.0,,,,,106603000.0,,,3858000.0,,,,,,,,700123000.0,,,,,,1459000.0,,,,,,,,546651000.0,,458094000.0,,,,,585454000.0,16875000.0,,,1544000.0,2362000.0,,,,,2000000.0,1531177000,9902511000.0,,,,,783898000.0,,,,121698000.0,,,,,,,,,,,,,,,,,,,,,,,,,,,,,,,,,,,,,17363000.0,,12499000.0,,,,,,,,,,,,,,,,,,,,,,,,,1237000.0,,,,,,0.0,,,,,,,,,,,,,,,,,,,,,,,,,,,,,,,,,,,,,1
32,403587000,,,127838000,,-10091000.0,,17180000.0,,1044004000,,,,21336000.0,14125000.0,10562000.0,6443000.0,24300000.0,,,,,,4518774000.0,2345538000,,,,,,,,,,1.33,1.31,,,,,,,393646000.0,,1604737000.0,,,4000000.0,2418000.0,,,-1765000.0,,,,,,,,,,,,,,,,,2657000.0,,,,48247000.0,,47567000.0,274000000.0,,,,,,,0.01,1000000000.0,303031358,303031358,3030000.0,141491000.0,,185871000.0,,,,,19000000.0,,,,,,,106000000.0,1607230000.0,,,,,,320000.0,,,,27208000.0,,,,,,,,,,,,,,,,,,,,,,,,159270000.0,,,,,,,,,,,,,,,,,,,,,,,,,,,,,,,,,,,,,,,,,,,,,,,,,,,,,,70165000.0,,,,5715000.0,,,,,,,,,,,,,0.0,,,,,,,,,,,,,,,,,,0.19,0.19,,0.21,,,,,,,,2096000.0,88082000,,4119000.0,,,,133154000.0,15998000.0,15998000.0,,,-1851000.0,,,,,,,,,,,,,,,,,,,,,,,99715000.0,,,,,,,,319347000.0,221049000.0,,,,,,,,,,,,,,1674844000.0,,,,,,,334322000.0,,,,,-49000.0,,,,151812000.0,0.88,0.87,,-4531000.0,,,-1130000.0,,,,,82536000.0,,1641000.0,,,,18207000.0,,,,,35287000.0,3865000.0,,,669000000.0,31429000.0,,-16394000.0,,,22853000.0,,,,1076952000.0,,,,,,,,,,,,,,,,,,,,,5534578000,771388000,,,,,,,,1825133000.0,37174000.0,,,,,,,15000000.0,,,169319000.0,-464777000.0,340929000.0,49231000.0,,,,,-28786000.0,,,,,,,4.0,,,85488000.0,,,,,,,,,,,,,,,,,98546000,,,,,,,793000.0,,,193000.0,,6035000.0,,,,,,,,,,,,,,,,,31596000.0,111093000,,,,,,,,,-2174000.0,575000000.0,,,,,,308579000.0,,88255000.0,,,,,106603000.0,,,,,,,,11250000.0,,,,,,,,,,13647000.0,,,,,264749000.0,,546651000.0,,458094000.0,,63000000.0,,,,,,,,31156000.0,,,,,,1622692000,9903000000.0,,,,,783898000.0,,,,,,,,,,,,,,,,,,,,,,,,,,,,,,,,,,,,,,,,,17363000.0,,22770000.0,,,,,,,,,,,,,,,,,-563000.0,,,,548000000.0,,,,,,,,,,,,,,,,,,,,,,,,,,,,,,,,,,,,,,,,,,,,,,,1
33,400202000,,,164148000,,,,,,1054686000,,,,,,,,24600000.0,,,25000000.0,,,4518774000.0,2317417000,,,,,,,,,,,,,,,,,,115049000.0,,1287853000.0,,,1000000.0,2418000.0,,,,89000.0,,,,,,,,,,,,,,,,,,,,48247000.0,312000000.0,,274000000.0,,,,,,,0.01,1000000000.0,303452655,303452655,3035000.0,,,,,,,1775996000.0,6000000.0,,4608000.0,,,,,108000000.0,1599695000.0,,,,,,316000.0,,,,26243000.0,,,,,,,,,,,,,,,,,,,,,,,,106938000.0,,,,,,,,238000.0,,,,,,,,,,,,,,,,,,,,,,,-411000.0,,,,682000.0,4753000.0,,,,,,,,,,,,688000.0,,,,174000000.0,46961000.0,,,0.0,144000.0,2414000.0,,,,,,,,,,,,,0.0,,,,,,,,,,,,,,,,0.0,0.0,0.19,0.19,0.34,,,,,,,-0.01,,,86016000,,,,,,144009000.0,,,,,1851000.0,,,,,,,,,,,,,,,,,,,,,,,107884000.0,,,,,,,,323001000.0,245525000.0,,,,,,,,,,,,,-26650000.0,1826128000.0,,,,,,,,,,,311623000.0,0.0,,,312548000.0,,0.88,0.87,,,,,,,113511000.0,,,,,,,,20858000.0,,,-38599000.0,,,,,883000.0,,626000000.0,,,,,,,,,,1076952000.0,,0.0,,,,,,,,,,,,,,,,,,,5573492000,750696000,,,,,,,,1784210000.0,,,,,,,,14000000.0,,,,,,,,,,,,,0.0,0.0,,,,4.0,,,,,,,,,,,,,,,,,,,,91668000,,,,,50279000.0,,,,,,,,,,,,,,,,,,,-1111000.0,,,832000.0,,,119430000,,-3440000.0,3413000.0,,,,,,-7970000.0,876844000.0,,,0.0,,,,,,,,,,106603000.0,,,,,,,,,,,1160461000.0,,-7291000.0,,,,,,,,,,,,546651000.0,,458094000.0,,,,,770884000.0,,,,2050000.0,,,,,,9000000.0,1703161000,3296611000.0,,,,,,,,,364461000.0,,,,,,,,,,,,,,,,,,,,,,,,,,,,,,,,,,,,,17363000.0,,39969000.0,,,4909748000.0,,,,,3202000.0,,,,,,,,,,,,,404000000.0,,,,,,,,,,,,,,,,301172000.0,296437000.0,,,,,,,,,,,,,,,,,,,,,,,,,,,,,,1
34,400202000,,,164148000,,,,,759000.0,1054686000,,,,,,5613000.0,3424000.0,24600000.0,,,,,,,2317417000,,,,,,,,,,1.3,1.29,,,,,,,107065000.0,,4784286000.0,,,5000000.0,2418000.0,,,-712000.0,,,,,,,,,,,,,,,,,,,,,48247000.0,274134000.0,,274000000.0,,,,,,,,,303452655,303452655,3035000.0,75147000.0,,152910000.0,,,,,27000000.0,,,,,,,108000000.0,1599695000.0,,,,,,313000.0,,,,25225000.0,,,,,,,,,,,,,,,,,,,,,,,,181662000.0,,,,,,,,,,,,,,,,,,,,,,,,,,,,,,,,,,,,,,,,,,,,,,,,,,,,,,,,0.0,181000.0,3128000.0,,,,,,0.0,0.0,,,,,,0.0,,,,,,,,,,,,,,,,0.0,0.0,0.55,0.54,,,,,,,,,,,86016000,,2189000.0,,,,139243000.0,,,,,151000.0,,,,,,,,,,,,,,,,,,,,,,,107884000.0,,,,,,,,323001000.0,245525000.0,,,,,,,,,,,,,,1920916000.0,,,,,,,,,,,381519000.0,1251000.0,,,,543415000.0,,,,-4531000.0,,,-6104000.0,0.0,,,,,,,,,,,,,,,,3728000.0,,,653000000.0,31429000.0,,-63947000.0,,,,,,,,,0.0,,,,,,,,,,,,,,,,,,,5573492000,750696000,,,,,,,,1801047000.0,,,,,,,,14000000.0,,,,,,,,,,,,,0.0,0.0,,,,4.0,,,,,,,,,,,,,,,,,,,,91668000,,,,,,,1250000.0,,,16499000.0,,,,,,,,,,,,,,-4243000.0,,,-44550000.0,-168000.0,64472000.0,119430000,,,,,,,,,,877000000.0,,,,,,395974000.0,,,,,,,106603000.0,,,97000000.0,,,,,,,,,,,,,,2100000.0,,,,,,118770000.0,,,,,,66480000.0,,,,0.0,,,,,,,,,,1703161000,3297000000.0,,,,,,,,,,,,,,,,,,,,,,,,,,,,,,,,,,,,,,,,,,,,,,17363000.0,,56074000.0,,2041229000.0,4909748000.0,,,,,4889000.0,,,,,,,,,15316000.0,,,,891000000.0,,,,,,,,,,,,,,,,,,,,,,,,,,,,,,,,,,,,,,,,,,,,,,,1
35,400202000,,,164148000,,,,24906000.0,759000.0,1054686000,,,,5916000.0,4439000.0,,,24600000.0,,,33800000.0,,,4438058000.0,2317417000,,,,,,,,,,0.38,0.37,,,,,,,241665000.0,,3985159000.0,,,1000000.0,,,,,454000.0,,,,,,,,,,,,,,,,6615000.0,,,,48247000.0,274000000.0,90718000.0,,,,,,,,,,303452655,303452655,3035000.0,,,,,,,,7000000.0,,9883000.0,,,,,109000000.0,1599695000.0,,,,,,313000.0,,,,25225000.0,,,,,,,,,,,,,,,,,,,,,,,,181662000.0,,,,,,,,1272000.0,,,,,,,,,,,,,,,,,,,,,,,2129000.0,,,,2740000.0,11102000.0,,,,,,,,,,,,3565000.0,,,,,,19040000.0,,0.0,53000.0,3128000.0,,,,,,,,,,,,,,,,,,,,,,,,,,,,,0.0,0.0,0.28,0.27,0.347,0.21,,,,,,,,2327000.0,86016000,,,,,,139243000.0,18348000.0,18348000.0,,,,,,,,,,,,,,,,,,,,,,,,,,107884000.0,,,,,,,,323001000.0,245525000.0,,,,,,,,,,,,,0.0,,,,,,,,,,,,423223000.0,1000000.0,,,,,,,,,,,,,,,,110862000.0,,49641000.0,,,18428000.0,69222000.0,,-6967000.0,,,44670000.0,,,,653000000.0,,,,,,45253000.0,,,,,,0.0,,,,,,,,,,,,,,,,,,,5573492000,750696000,,,,,,,,1801047000.0,,,,,,,,14000000.0,,,165941000.0,-505606000.0,428056000.0,,,,,,-9820000.0,,0.0,0.0,,,,4.0,,,,,,,,,,,,,,,,,,,,91668000,,,,,54990000.0,,,,,,,621000.0,,,,,,,,,,,,4243000.0,,,-4501000.0,-46000.0,40794000.0,119430000,,-6593000.0,,,,,,,-1733000.0,144000000.0,,,0.0,,,,,21461000.0,,,,,,,,,,,,,0.0,,,1299821000.0,,-10832000.0,,,,1405000.0,15392000.0,,,,,,,,,,,,,,946477000.0,,,,2491000.0,-23313000.0,,,,,65000000.0,1703161000,13088504000.0,,,,,,,,,,,,,,,,,,,,,,,,,,,,,,,,,,,,,,,,,,,,,,,,,,2137653000.0,,,,,,7525000.0,,,,,,,,,,,,,343000000.0,,,,2317000.0,,,,,,,,,,,,,,,,,,,,,,,,,,,,,,,,,,,,,,,,,,,1
36,400202000,,,164148000,,,,,759000.0,1054686000,,,,11425000.0,6487000.0,16292000.0,9938000.0,24600000.0,,,,,,5209828000.0,2317417000,,,,,,,,,,0.35,0.35,,,,,,,229437000.0,,,,,5000000.0,0.0,,,,,,,,,,,,,,,,,,,,,,,,,,,327000000.0,,,,,,,,,303452655,303452655,3035000.0,244075000.0,,449843000.0,,,,607002000.0,,,5275000.0,,,,,109000000.0,1599695000.0,,,,,,313000.0,,,,25225000.0,,,,,,,,,,,,,,,,,,,,,,,,181662000.0,,,,,,,,,,,,,,,,,,,,,,,,,,,,,,,,,,,,,,,,,,,,,,,,,,,,180000000.0,16715000.0,,,0.0,970000.0,3128000.0,,,,,,0.0,0.0,,,,,,0.0,,,,,,,,,,,,,,,,0.0,0.0,0.28,0.27,0.347,,,,,,,,,,86016000,,6354000.0,,,,139243000.0,,,,,276000.0,,,,,,,,,,,,,,,,,,,,,,,107884000.0,,,,,,,,323001000.0,245525000.0,,,,,,,,,,,,,,1937444000.0,,,,,,,1391993000.0,,,,112171000.0,0.0,,,83252000.0,,0.28,0.28,,0.0,,,,,29204000.0,,,,,,,,,,,,,,,3765000.0,845000.0,,651000000.0,51184000.0,,,,,,,,,1255804000.0,,0.0,,,,,,,,,,,,,,,,,,,5573492000,750696000,,,,,,,,1801047000.0,,,,,,,,,,,,,,210264000.0,,,,,,,0.0,0.0,,,,4.0,,,361483000.0,,,,,,,,,,,,,,,,,91668000,,,,,,,457000.0,,,16306000.0,,,,,,,,,,,,,,-5354000.0,,,,122000.0,46814000.0,119430000,,,1674000.0,,,,,,,,,,,,,,,,,,,,99288000.0,,,97000000.0,,,,,,,,,,,,,,2581000.0,,,,,,458680000.0,,593867000.0,,577212000.0,,66500000.0,,,,5625000.0,,,,19591000.0,,,,,5000000.0,1703161000,13089000000.0,,,,,3269862000.0,,,,121049000.0,,,,,,,,,,,,,,,,,,,,,,,,,,,,,,,,,,,,,,,14898000.0,,2254106000.0,,,,,,7963000.0,,,,,,,,,15879000.0,,,,1043000000.0,,,,,,,,,,,,,,,,300693000.0,295810000.0,,,,,,,,,,,,,,,,,,,,,,,,,,,,,,1
37,397623000,,,171145000,,,,24906000.0,,1061233000,,,,22472000.0,,,,47000000.0,,,8900000.0,,,5534578000.0,2337179000,,,,,,,,,,0.75,0.75,,,,,,,120643000.0,,1311438000.0,,,,0.0,,,,73000.0,,,,,,,,,,,,,,,,4859000.0,,,,,,-37242000.0,265000000.0,,,,,,,0.01,1000000000.0,304164218,304164218,3042000.0,,,263972000.0,,,,,,,4772000.0,,,,,,2836700000.0,,,,,,,,,,,,,,,,,,,,,,,,,,,,,,,,,,177373000.0,,,,,,,,437000.0,,,,,,,,,,,,,,,,,,,,,,,-423000.0,,,,342000.0,1251000.0,,,,,,,,,,,,895000.0,,,,,,,,,970000.0,,,,,,,,,,,,,,,,,,,,,,,,,,,,,,,,,,,,,,,,,,,823000.0,81675000,,,,,,,6813000.0,6813000.0,,,125000.0,,,,,,,,,,,,,,,,,,,,,,,117287000.0,,,,,,,,565017000.0,231852000.0,,,,,,,,,,,,,,1937444000.0,,,,,,,1391993000.0,,,,249981000.0,0.0,,,,,0.25,0.25,,,,,,,,,,14539000.0,,-9336000.0,,,,19021000.0,,-9028000.0,,,49615000.0,,,,,,,,,,8087000.0,,,,1341325000.0,,,,,,,,,,,,,,,,,,,,,5522466000,772314000,,,,,,,,1672332000.0,,,,,,,,,,,386213000.0,-521287000.0,97009000.0,210264000.0,,,,,,,,,,,,,,,361483000.0,,,,,,,,,,,,,,,,,96821000,,,,,-21453000.0,,2067000.0,,,-22043000.0,,1428000.0,,,,,,,,,,,,-3544000.0,,,,7000.0,37943000.0,120540000,,,,,,,,,-17000.0,872000000.0,,,97000.0,,,,,,,,,,151801000.0,,,100480000.0,,,,,,,,,,,,,,3510000.0,2377000.0,,,,,193931000.0,,612292000.0,,609434000.0,,69400000.0,,,321525000.0,11250000.0,,,,-19706000.0,,,,,0.0,1810256000,,,,,,3269862000.0,,,,,,,,,,,,,,,,,,,,,,,,,,,,,,,,,,,,,,,,,19448000.0,,45091000.0,,2350745000.0,,,,,,,,,,,,,,,-24013000.0,,,,,,,,2000000.0,,,,,,,,,,,,,,,,,,,,,,,,,,,,,,,,,,,,,,,,,,,1
38,392951000,,,183423000,,-9359000.0,,24906000.0,,1070288000,,,,,,5730000.0,3495000.0,50600000.0,,,,,,5573492000.0,2372621000,,,,,,,,,,0.45,0.45,,,,,,,357149000.0,,,,,,,,,,,,,,,,,,,,,,,,,,,,,,,,,269000000.0,,,,,,,0.01,1000000000.0,304435529,304435529,3044000.0,102584000.0,,,,,,2398790000.0,,,19864000.0,,,,,,3361684000.0,,,,,,7951000.0,,,,15379000.0,,,,,,,,,,,,,,,,,,,,,,,,178523000.0,,,,,,,,874000.0,,,,,,,,,,,,,,,,,,,,,,,-846000.0,,,,695000.0,2551000.0,,,,,,,,,,,,1828000.0,,,,180000000.0,64093000.0,20671000.0,,,970000.0,5388000.0,,,,,,,,,,,,,,,,,,,,,,,,,,,,,,,0.98,0.97,0.355,0.21,,,,,,,,,69327000,,2235000.0,,,,,,,,,,,,,,,,,,,,,,,,,,,,,,,,139543000.0,,,,,,,,769903000.0,228580000.0,,,,,,,,,,,,,,1937444000.0,,,,,,,,,,,137810000.0,,,,409167000.0,265387000.0,0.78,0.77,,-4531000.0,,,-215000.0,0.0,147942000.0,,,,,,,,21052000.0,,,,,,,3564000.0,931000.0,,,64542000.0,,-29528000.0,,,,,,,1433847000.0,,,,,,,,,,,,,,,,,,,,,5634542000,726365000,,,,,,,,1652064000.0,,,,,,,,,,,,,,,,,,,-14940000.0,,,,,,,,,,,,,,,,,,,,,,,,,,,96770000,,,,,-22000000.0,,,,,,,-807000.0,,,,,,,,,,,,3544000.0,,,,-382000.0,37943000.0,123497000,,-5880000.0,4286000.0,,,,,,1235000.0,1040000000.0,,,,,,,,18691000.0,,,,,87768000.0,,,,,,,,0.0,,,,,-17904000.0,,,,8707000.0,,,,,,,,629987000.0,,601422000.0,,,,,,,,,,,,,,,15000000.0,1929978000,6689000000.0,,,,,,,,,495591000.0,,,,,,,,,,,,,,,,,,,,,,,,,,,,,,,,,,,,,19235000.0,,64892000.0,,2350745000.0,5048580000.0,,,,,2464000.0,,,,,,,,,,,,,,,,,2308000.0,,,,,,,,,,,,,,,,,,,,,,,,,,,,,,,,,,,,,,,,,,,1
39,416341000,,,185072000,,-9359000.0,,24906000.0,,1084423000,,,,,,,,50200000.0,,,33200000.0,,,5573492000.0,2387143000,,,,,,,,,,0.4,0.39,,,,,,,333664000.0,,6581393000.0,,,,,,,,-119000.0,,,,,,,,,,,,,,,,4177000.0,,,,,,-40924000.0,278000000.0,,,,,,,0.01,1000000000.0,305473459,305473459,3054000.0,,,742290000.0,,,,2398790000.0,,,5205000.0,,,,,,3289924000.0,,,,,,306000.0,,,,14324000.0,,,,,,,,,,,,,,,,,,,,,,,,175310000.0,,,,,,,,437000.0,,,,,,,,,,,,,,,,,,,,,,,-423000.0,,,,353000.0,3000000.0,,,,,,,,,,,,933000.0,,,,,64093000.0,,,,,34054000.0,,,,,,0.0,0.0,,,,,,,,,,,,,,,,,,,,,,0.0,0.0,0.49,0.48,,,,,,,,,,2723000.0,95014000,,,,,,145859000.0,9747000.0,9747000.0,,,365000.0,,,,,,,,,,,,,,,,,,,,,,,164857000.0,,,,,,,,784103000.0,219632000.0,,,,,,,,,,,,,0.0,,,,,,,,391789000.0,,,,137810000.0,1000000.0,,,409167000.0,,0.24,0.24,,,,,-548000.0,,147942000.0,,,98938000.0,,-20549000.0,,,,40773000.0,,-31629000.0,,,71779000.0,,,,,,,,,,29182000.0,,,,1433847000.0,,0.0,,,,,,,,,,,,,,,,,,,5704032000,797698000,,,,,,,,1570056000.0,,,,,,,,,,,506471000.0,-702322000.0,152204000.0,56145000.0,,,,,,,0.0,0.0,,,,,,,90138000.0,,,,,,,,,,,,,,,,,96385000,,,,,115000.0,,817000.0,,,-38542000.0,,807000.0,,,,,,,,,,,,699000.0,,,,,37943000.0,124255000,,,4286000.0,,,,,,735000.0,8000000.0,,,,,,486736000.0,,,,,,,87768000.0,,,106400000.0,,,,,,,,85030000.0,,-21217000.0,,,,,4207000.0,,,,,640414000.0,,629987000.0,,601422000.0,,,,,766597000.0,16875000.0,,,1437000.0,,,,,,8000000.0,2031324000,3341000000.0,,,,,939632000.0,,,,495591000.0,,,,,,,,,,,,,,,,,,,,,,,,,,,,,,,,,,,,,19634000.0,,,,2350745000.0,5048580000.0,,,,,5151000.0,,,,,,,,,-39329000.0,,,,,,,,,,,,,,,,,,,,302937000.0,298226000.0,,,,,,,,,,,,,,,,,,,,,,,,,,,,,,1
40,415588000,,,124466000,,,,,,1090713000,,,,7285000.0,,,,45600000.0,,,,,,5573492000.0,2340712000,,,,,,,,,,1.17,1.16,,,,,,,115507000.0,,,,,,,,,,119000.0,,,,,,,,,,,,,,,,,,,,,,,278000000.0,,,,,,,0.01,1000000000.0,305574384,305574384,3055000.0,,,,,,,,,,,,,,,,3365687000.0,,,,,,302000.0,,,,12937000.0,,,,,,,,,,,,,,,,,,,,,,,,127239000.0,,,,,,,,1301000.0,,,,,,,,,,,,,,,,,,,,,,,-1261000.0,,,,1028000.0,1300000.0,,,,,,,,,,,,2749000.0,,,,169000000.0,,61868000.0,,,20217000.0,52068000.0,,,,,,,,,,,,,,,,,,,,,,,,,,,,,0.0,0.0,0.43,0.43,0.352,,,,,,,,,,86527000,,,,,,136673000.0,,,,,,,,,,,,,,,,,,,,,,,,,,,,186116000.0,,,,,,,,770347000.0,215117000.0,,,,,,,,,,,,,0.0,,,,,,,,,,,,359825000.0,,,,,118493000.0,1.04,1.02,,0.0,,,147000.0,,,,,,,,,,39639000.0,,,,,,,,876000.0,,,,,-14622000.0,,,,,,,1433847000.0,,0.0,,,,,,,,,,,,,,,,,,,5647837000,751970000,,,,,,,,,,,,,,,,,,,,,,,,,,,-39110000.0,,0.0,0.0,,,,,,,,,,,,,,,,,,,,,,,,76195000,,,,,21568000.0,,,,,,,154000.0,,,,,,,,,,,,-699000.0,,,,,,125278000,,-6580000.0,,,,,,,2711000.0,,,,5907000.0,,,,,61126000.0,,,,,87768000.0,,,,,,,,0.0,,,,,-21000000.0,,,,27659000.0,,,,,,,,629987000.0,,601422000.0,,150000.0,,,,,,,,-4409000.0,,,,,,2126384000,9793000000.0,,,,,939632000.0,,,,,,,,,,,,,,,,,,,,,,,,,,,,,,,,,,,,,,,,,19634000.0,,17917000.0,,2350745000.0,5048580000.0,,,,,6465000.0,,,,,,,,,,,,,,,,,2000000.0,,,,,,,,,,,,,,,,,,,,,,,,,,,,,,,,,,,,,,,,,,,1
41,415588000,,,162225000,,,,24343000.0,,1090713000,,,,12443000.0,,22036000.0,13442000.0,45600000.0,,,58200000.0,,,5573492000.0,2340712000,,,,,,,,,,1.1,1.09,,,,,,,101058000.0,,5318930000.0,,,,,,,,-46000.0,,,,,,,,,,,,,,,,4852000.0,,,,,,94158000.0,342000000.0,,,,,,,,,305574384,305574384,3055000.0,330875000.0,,742000000.0,,,,,,,,,,,,,3365687000.0,,,,,,315000.0,,,,11604000.0,,,,,,,,,,,,,,,,,,,,,,,,127239000.0,,,,,,,,427000.0,,,,,,,,,,,,,,,,,,,,,,,-415000.0,,,,333000.0,1000000.0,,,,,,,,,,,,921000.0,,,,,,,,,27564000.0,61492000.0,,,,,,,,,,,,,,,,,,,,,,,,,,,,,0.0,0.0,0.22,0.21,,0.21,,,,,,,,-2023000.0,86527000,,8594000.0,,,,147536000.0,14455000.0,14455000.0,,,89000.0,,,,,,,,,,,,,,,,,,,,,,,186116000.0,,,,,,,,770347000.0,215117000.0,,,,,,,,,,,,,,,,,,,,,391789000.0,,,,109844000.0,,,,,,,,,,,,-186000.0,,,,,135447000.0,,1433000.0,,,,55266000.0,,-61738000.0,,,69680000.0,3696000.0,,,,57860000.0,,,,,38399000.0,,,,1433847000.0,,0.0,,,,,,,,,,,,,,,,,,,5647837000,751970000,,,,,,,,,,,,,,,,,,,523410000.0,-749871000.0,322642000.0,56145000.0,,,,,,,0.0,0.0,,,,,,,90138000.0,,,,,,,,,,,,,,,,,76195000,,,,,22000000.0,,2195000.0,,,-60236000.0,,,,,,,,,,,,,,4742000.0,,,,-538000.0,83601000.0,125278000,,,,,,,,,-7368000.0,,,,,,,635332000.0,,,,,,,87768000.0,,,,,,,,338478000.0,,,199621000.0,,-11717000.0,,,,,6520000.0,,,,,640000000.0,,629987000.0,,601422000.0,,,,,1110035000.0,,,,1371000.0,,,,,,,2126384000,3104000000.0,,,,,,,,,,,,,,,,,,,,,,,,,,,,,,,,,,,,,,,,,,,,,,19634000.0,,35238000.0,,,5048580000.0,,,,,,,,,,,,,,-51979000.0,,,,,,,,4522000.0,,,,,,,,,,,,303295000.0,298690000.0,,,,,,,,,,,,,,,,,,,,,,,,,,,,,,1
42,415588000,,,162225000,,-6730000.0,,24343000.0,,1090713000,,,,17582000.0,,,,45600000.0,,,58000000.0,,,5475739000.0,2340712000,,,,,,,,,,0.38,0.38,,,,,,,453963000.0,,1752640000.0,,,,,,,,46000.0,,,,,,,,,,,,,,,,,,,,55169000.0,,,,,,,,,,,,305574384,305574384,3055000.0,,,239219000.0,,,,694048000.0,,,,,,,,,3365687000.0,,,,,,,,,,12000000.0,,,,,,,,,,,,,,,,,,,,,,,,127239000.0,,,,,,,,1703000.0,,,,,,,,,,,,,,,,,,,,,,,1667000.0,,,,1354000.0,3817000.0,,,,,,,,,,,,4645000.0,,,,,17697000.0,,,,44325000.0,61492000.0,,,,,,,,,,,,,,,,,,,,,,,,,,,,,0.0,0.0,0.22,0.21,0.348,,,,,,,,,,86527000,,,,,,155224000.0,,,,,,,,,,,,,,,,,,,,,,,,,,,,186116000.0,,,,,,,,770347000.0,215117000.0,,,,,,,,,,,,,0.0,2197255000.0,,,,,,,447383000.0,,,,109844000.0,,,,131768000.0,459318000.0,,,,-6746000.0,,,52000.0,0.0,47176000.0,,,,,,,,17474000.0,,,,,,,,821000.0,,,,,-44250000.0,,,,,,,,,0.0,,,,,,,,,,,,,,,,,,,5647837000,751970000,,,,,,,,,,,,,,,,,,,,,,80991000.0,,,,,,,0.0,0.0,,,,,,,133608000.0,,,,,,,,,,,,,,,,,76195000,,,,,-48024000.0,,,,,,,-1274000.0,,,,,,,,,,,,,,,,,47041000.0,125278000,,-7348000.0,-402000.0,,,,,,-966000.0,,,,16171000.0,,,,,,,,,,,,,150000.0,,,,,,,,,,12000000.0,,,,,,,,,,266332000.0,,,,,,5000000.0,,,,5625000.0,,,1436000.0,2444000.0,,,,,,2126384000,12794000000.0,,,,,1031777000.0,,,,137056000.0,,,,,,,,,,,,,,,,,,,,,,,,,,,,,,,,,,,,,19634000.0,,53239000.0,,,,,,,,1314000.0,,,,,,,,,,,,,,,,,5000000.0,,,,,,,,,,,,,,,,,,,,,,,,,,,,,,,,,,,,,,,,,,,1
43,415588000,,,162225000,,-6730000.0,,40222000.0,,1090713000,,,,,,,,46000000.0,,,25000000.0,,,,2340712000,,,,,,,,,,0.33,0.33,,,,,,,,,1629621000.0,,,,,,,,176000.0,,,,,,,,,,,,,,,,2293000.0,,,,,,-35883000.0,,,,,,,,,,305574384,305574384,3055000.0,,,239000000.0,,,,,,,,,,,,,3365687000.0,,,,,,,,,,12000000.0,,,,,,,,,,,,,,,,,,,,,,,,127239000.0,,,,,,,,2000000.0,,,,,,,,,,,,,,,,,,,,,,,-2000000.0,,,,1000000.0,4000000.0,,,,,,,,,,,,5000000.0,,,,,,22157000.0,,,58577000.0,61492000.0,,,,,,0.0,0.0,,,,,,,,,,,,,,,,,,,,,,,,0.22,0.21,,,,,,,,,,-4789000.0,86527000,,,,,,155224000.0,17814000.0,17814000.0,,,454000.0,,,,,,,,,,,,,,,,,,,,,,,186116000.0,,,,,,,,770347000.0,215117000.0,,,,,,,,,,,,,,2308943000.0,,,,,,,447383000.0,,,,456123000.0,,,,,,0.35,0.34,,,,,-519000.0,,,,,176955000.0,,-5474000.0,,,45591000.0,122590000.0,,-26574000.0,,,61739000.0,,,,,,,,,,59678000.0,,,,,,,,,,,,,,,,,,,,,,,,,5647837000,751970000,,,,,,,,,,,,,,,,,,,519003000.0,-920994000.0,370897000.0,80991000.0,,,,,-14350000.0,,,,,,,,,,133608000.0,,,,,,,,,,,,,,,,,76195000,,,,,-48000000.0,,,,,,,,,,,,,,,,,,,,,,,,51783000.0,125278000,,-1156000.0,,,,,,,-1253000.0,,,,,,,650614000.0,,20975000.0,,,,,101377000.0,,,,,,,,338478000.0,,,282421000.0,,-13329000.0,,,,1252000.0,9324000.0,,,,,571340000.0,,,,,,-5000000.0,,,1528970000.0,,,,1405000.0,38695000.0,,,,,,2126384000,3349000000.0,,,,,1031777000.0,,,,,,,,,,,,,,,,,,,,,,,,,,,,,,,,,,,,,,,,,,,72740000.0,,,,,,,,7470000.0,,,,,,,,,,,,,,,,,5000000.0,,,,,,,,,,,,303657000.0,299159000.0,,,,,,,,,,,,,,,,,,,,,,,,,,,,,,1
44,597826000,,,233288000,,,,893000.0,-17489000.0,1101979000,,,,22832000.0,,,7247000.0,45200000.0,,,83000000.0,,,5634542000.0,2993887000,,,,,,,,,,,,,,,,,,128529000.0,,3431902000.0,,,,,,,,57000.0,,,,,,,,,,,,,,,,2414000.0,,,,,,,,,,,,,,0.01,1000000000.0,306521927,306521927,3065000.0,,,570000000.0,,,,,,,,,,,,,3048183000.0,,,,,,,,,,12000000.0,,,,,,,,,,,,,,,,,,,,,,,,179404000.0,,,,,,,,,,,,,,,,,,,,,,,,,,,,,,,,,,,,1000000.0,,,,,,,,,,,,,,,,,,,,,58577000.0,,,,,,,,,,,,,,,,,,,,,,,,,,,,,,,,0.67,0.66,0.339,,,,,,,,,,78459000,,4536000.0,,,,155224000.0,5201000.0,5201000.0,,,119000.0,,,,,,,,,,,,,,,,,,,,,,,218264000.0,,,,,,,,794715000.0,447730000.0,,,,,,,,,,,,,,2288895000.0,,,,,,,447383000.0,,,,96298000.0,,,,,,0.69,0.69,,-2215000.0,,,29000.0,,,,,10999000.0,,11233000.0,,,4134000.0,-43823000.0,,,,,62329000.0,,,,,24649000.0,,,,,6937000.0,,,,1402399000.0,,,,,,,,,,,,,,,,,,,,,7356857000,1049410000,,,,,,,,,,,,,,,,,,,501189000.0,,388711000.0,80991000.0,,,,,,,,,,,,,,,133608000.0,,,,,,,,,,,,,,,,,81306000,,,,,,,,,,,,,,,,,,,,,,,,,,,,-4581000.0,45727000.0,150437000,,-6711000.0,,,,,,,-12128000.0,,,,,,,775921000.0,,,,,,,135192000.0,,,,,,,,338478000.0,,,313142000.0,,-16458000.0,,,,6402000.0,,,,,,305008000.0,,650053000.0,,651271000.0,,,,,312339000.0,,,,1436000.0,625000.0,,,,,,2234116000,,,,,,,,,,,,,,,,,,,,,,,,,,,,,,,,,,,,,,,,,,,,,,,21620000.0,,16000000.0,,2602516000.0,,,,,,,,,,,,,,,,,,,,,,,,,,,,,,,,,,,303771000.0,299213000.0,,,,,,,,,,,,,,,,,,,,,,,,,,,,,,1
45,735138000,,,228656000,,,,-27073000.0,,1111221000,,,,,,11783000.0,3406000.0,52000000.0,,,,,,5704032000.0,3298428000,,,,,,,,,,1.41,1.4,,,,,,,119701000.0,,1841742000.0,,,,,,,,,,,,,,,,,,,,,,,,,,,,69214000.0,,60887000.0,,,,,,,,0.01,1000000000.0,306785582,306785582,3067000.0,226034000.0,,330040000.0,,,,741875000.0,,,,,,,,,3009927000.0,,,,,,,,,,10000000.0,,,,,,,,,,,,,,,,,,,,,,,,225338000.0,,,,,,,,,,,,,,,,,,,,,,,,,,,,,,,,,,,,5981000.0,,,,,,,,,,,,,,,,,19335000.0,86463000.0,,,58577000.0,77812000.0,,,,,,0.0,0.0,,,,,,,,,,,,,,,,,,,,,,,,,,,0.21,,,,,,,,-4570000.0,102962000,,2131000.0,,,,,,,,,46000.0,,,,,,,,,,,,,,,,,,,,,,,249908000.0,,,,,,,,845241000.0,630360000.0,,,,,,,,,,,,,,2288895000.0,,,,,,,,,,,140809000.0,,,,116438000.0,640509000.0,,,,0.0,,,-592000.0,,40716000.0,,,,,,,,14944000.0,,,-16501000.0,,,,3074000.0,658000.0,,,64002000.0,,-57342000.0,,,,,,,1464627000.0,,,,,,,,,,,,,,,,,,,,,8185944000,1168382000,,,,,,,,,,,,,,,,,,,-80412000.0,-34276000.0,180145000.0,,,,,,-54353000.0,,,,,,,,,,,,,,,,,,,,,,,,,,,142622000,,,,,-49639000.0,,1201000.0,,,-8992000.0,,,,,,,,,,,,,,1424000.0,,,,-356000.0,45727000.0,209956000,,-19550000.0,577000.0,,,,,,405000.0,,,,16554000.0,,,,,90186000.0,,,,,134479000.0,,,11245000.0,,,,,,,,,,-17000000.0,,,,16045000.0,1318000.0,,,,,306000000.0,,652780000.0,,626780000.0,,11245000.0,,,,16875000.0,,,,,,,,,,2374853000,,,,,,,,,,146012000.0,,,,,,,,,,,,,,,,,,,,,,,,,,,,,,,,,,,,,21241000.0,,38000000.0,,2667694000.0,,,,,,2255000.0,,,,,,,,,-10300000.0,,,,,,,,,,,,,,,,,,,,,,,,,,,,,,,,,,,,,,,,,,,,,,,,,,,1
46,682719000,,,238302000,,-6105000.0,,,,1110841000,,,,,,,10435000.0,56000000.0,,,23300000.0,,,5647837000.0,3295541000,,,,,,,,,,0.42,0.42,,,,,,,267551000.0,,1745839000.0,,,,,,,,206000.0,,,,,,,,,,,,,,,,4387000.0,,,,,,,,,,,,,,0.01,1000000000.0,307487198,307487198,3074000.0,,,331000000.0,,,,,,,,,,,,,3170100000.0,,,,,,,,,,9000000.0,,,,,,,,,,,,,,,,,,,,,,,,226682000.0,,,,,,,,,,,,,,,,,,,,,,,,,,,,,,,,,,,,6000000.0,,,,,,,,,,,,,,,,,,,,,,52208000.0,,,,,,,,,,,,,,,,,,,,,,,,,,,,,,,,,0.348,,,,,,,,,,106544000,,6532000.0,,,,170729000.0,6737000.0,6737000.0,,,176000.0,,,,,,,,,,,,,,,,,,,,,,,282156000.0,,,,,,,,884580000.0,619246000.0,,,,,,,,,,,,,-1350000.0,2288895000.0,,,,,,,869314000.0,,,,,,,,,,0.35,0.34,,0.0,,,,0.0,,,,102747000.0,,-18597000.0,,,61064000.0,-38399000.0,,,,,48995000.0,,,,,24761000.0,,,,,28656000.0,,,,1556552000.0,,,,,,,,,,,,,,,,,,,,,8203952000,1149208000,,,,,,,,,,,,,,,,,,,,,,144989000.0,,,,,,,,,,,,,,,242175000.0,,,,,,,,,,,,,,,,,148308000,,,,,-50000000.0,,,,,,,-191000.0,,,,,,,,,,,,,,,,-16390000.0,45727000.0,211440000,,-1343000.0,,,,,,,3917000.0,,,,,,,,,,,,,,134479000.0,,,,,,,,582115000.0,,,,,-15961000.0,,,,,,,,,,855346000.0,,696567000.0,,590160000.0,,,,,471439000.0,,,,2079000.0,,,,,,,2504028000,,,,,,2038308000.0,,,,,,,,,,,,,,,,,,,,,,,,,,,,,,,,,,,,,,,,,21061000.0,,55000000.0,,2720657000.0,5049000000.0,,,,,,,,,,,,,,,,,,,,,,,,,,,,,,,,,,,,,,,,,,,,,,,,,,,,,,,,,,,,,,,,,1
47,633773000,,,169553000,,,,,-18064000.0,1116690000,,,,5982000.0,,5537000.0,3188000.0,58000000.0,,,23000000.0,,,5647837000.0,3567594000,,,,,,,,,,0.39,0.39,,,,,,,272325000.0,,5641720000.0,,,,,,,,,,,,,,,,,,,,,,,,,,,,,,28818000.0,,,,,,,,0.01,1000000000.0,307544759,307544759,3075000.0,121188000.0,,805780000.0,,,,2216110000.0,,,,,,,,,3428280000.0,,,,,,,,,,7000000.0,,,,,,,,,,,,,,,,,,,,,,,,199657000.0,,,,,,,,,,,,,,,,,,,,,,,,,,,,,,,,,,,,1000000.0,,,,,,,,,,,,,,,,,57850000.0,,,,335000.0,49212000.0,,,,,,0.0,0.0,,,,,,,,,,,,,,,,,,,,,,,,0.18,0.18,0.321,,,,,,,,,220000.0,118755000,,1996000.0,,,,168467000.0,,,,,57000.0,,,,,,,,,,,,,,,,,,,,,,,311506000.0,,,,,,,,976475000.0,584231000.0,,,,,,,,,,,,,,2288895000.0,,,,,,,,,,,291723000.0,,,,357251000.0,640000000.0,,,,,,,,,123492000.0,,,,,,,,4418000.0,,,-124431000.0,,,,2981000.0,791000.0,,,88263000.0,,,,,,,,,1556552000.0,,,,,,,,,,,,,,,,,,,,,8303199000,1210785000,,,,,,,,,,,,,,,,,,,-144921000.0,-109180000.0,282699000.0,,,,,,,,,,,,,,,,,,,,,,,,,,,,,,,,,101562000,,,,,-54000000.0,,918000.0,,,45407000.0,,,,,,,,,,,,,,-2230000.0,,,,1053000.0,,174146000,,4740000.0,1737000.0,,,,,,-685000.0,,,,,,,864000.0,,,,,,,134479000.0,,,,,,,,,,,1143217000.0,,-15000000.0,,,,,3288000.0,,,,,856000000.0,,696567000.0,,590160000.0,,,,,613758000.0,22500000.0,,,-2079000.0,,,,,,,2590359000,,,,,,,,,,436614000.0,,,,,,,,,,,,,,,,,,,,,,,,,,,,,,,,,,,,,23151000.0,,75000000.0,,2720657000.0,4987319000.0,,,,,2922000.0,,,,,,,,,44510000.0,,,,,,,,,,,,,,,,,,,,304685000.0,300223000.0,,,,,,,,,,,,,,,,,,,,,,,,,,,,,,1
48,633773000,,,209101000,,,,,-18064000.0,1116690000,,,,,,,13543000.0,58000000.0,,,47900000.0,,,5647837000.0,3567594000,,,,,,,,,,0.87,0.86,,,,,,,140221000.0,,5175702000.0,,,,,,,,,,,,,,,,,,,,,,,,4841000.0,,,,59770000.0,,,,,,,,,,,,307544759,307544759,3075000.0,,,806000000.0,,,,,,,,,,,,,3428280000.0,,,,,,,,,,6000000.0,,,,,,,,,,,,,,,,,,,,,,,,199657000.0,,,,,,,,,,,,,,,,,,,,,,,,,,,,,,,,,,,,3000000.0,,,,,,,,,,,,,,,,,,27846000.0,,,,40870000.0,,,,,,,,,,,,,,,,,,,,,,,,,,,,,,,0.18,0.18,0.348,,,,,,,,,,118755000,,8478000.0,,,,178410000.0,13672000.0,13672000.0,,,,,,,,,,,,,,,,,,,,,,,,,,311506000.0,,,,,,,,976475000.0,584231000.0,,,,,,,,,,,,,,,,,,,,,421931000.0,,,,150914000.0,,,,,266332000.0,1.0,0.98,,,,,214000.0,0.0,,,,138192000.0,,-11139000.0,,,-928000.0,-22345000.0,,,,,6304000.0,,,,,,,-14592000.0,,,35430000.0,,,,1556552000.0,,,,,,,,,,,,,,,,,,,,,8303199000,1210785000,,,,,,,,,,,,,,,,,,,,,,63998000.0,,,,,-15124000.0,,,,,,,,,,108567000.0,,,,,,,,,,,,,,,,,101562000,,,,,,,,,,,,-219000.0,,,,,,,,,,,,,,,,,41167000.0,174146000,,11982000.0,,,,,,,0.0,,,,4267000.0,,,,,33716000.0,,,,,134479000.0,,,0.0,,,,,,,,,,-10000000.0,,,,5528000.0,,,,,,284006000.0,,696567000.0,,590160000.0,,0.0,,,734471000.0,,,,2079000.0,,,,,,,2590359000,,,,,,1006531000.0,,,,,,,,,,,,,,,,,,,,,,,,,,,,,,,,,,,,,,,,,23151000.0,,19000000.0,,2720657000.0,4987319000.0,,,,,,,,,,,,,,,,,,,,,,,,,,,,,,,,,,,,,,,,,,,,,,,,,,,,,,,,,,,,,,,,,1
49,633773000,,,209101000,,-5596000.0,,-96890000.0,,1116690000,,,,11844000.0,,16967000.0,,58000000.0,,,48000000.0,,,5647837000.0,3567594000,,,,,,,,,,0.89,0.88,,,,,,,148714000.0,,1897717000.0,,,,,,,,0.0,,,,,,,,,,,,,,,,,,,,59770000.0,,22481000.0,,,,,,,,,,307544759,307544759,3075000.0,279007000.0,,236521000.0,,,,,,,,,,,,,3428280000.0,,,,,,,,,,6000000.0,,,,,,,,,,,,,,,,,,,,,,,,199657000.0,,,,,,,,,,,,,,,,,,,,,,,,,,,,,,,,,,,,2000000.0,,,,,,,,,,,,,,,,,,,,,,40870000.0,,,,,,,,,,,,,,,,,,,,,,,,,,,,,,,,,0.33,,,,,,,,,-2141000.0,118755000,,,,,,180705000.0,14445000.0,14445000.0,,,,,,,,,,,,,,,,,,,,,,,,,,311506000.0,,,,,,,,976475000.0,584231000.0,,,,,,,,,,,,,0.0,,,,,,,,421931000.0,,,,414104000.0,,,,,571340000.0,,,,,,,,,,,,,,,,,8376000.0,,,-51546000.0,,,,2988000.0,,,,,,,,,,,,,1556552000.0,,,,,,,,,,,,,,,,,,,,,8303199000,1210785000,,,,,,,,,,,,,,,,,,,-212945000.0,-253756000.0,491323000.0,63998000.0,,,,,,,,,,,,,,,108567000.0,,,,,,,,,,,,,,,,,101562000,,,,,-208000000.0,,1813000.0,,,-41863000.0,,,,,,,,,,,,,,7381000.0,,,,,49603000.0,174146000,,-1301000.0,,,,,,,2314000.0,,,,,,,37208000.0,,,,,,,,,,0.0,,,,,0.0,,,1822020000.0,,,,,,,7534000.0,,,,,284000000.0,,696567000.0,,590160000.0,,0.0,,,134674000.0,,,,,,,,,,,2590359000,,,,,,1006531000.0,,,,,,,,,,,,,,,,,,,,,,,,,,,,,,,,,,,,,,,,,23151000.0,,,,2720657000.0,,,,,,667000.0,,,,,,,,,-43758000.0,,,,,,,,,,,,,,,,,,,,,,,,,,,,,,,,,,,,,,,,,,,,,,,,,,,1
50,633773000,,,209101000,,,,,,1116690000,,,,,,,,58000000.0,,,25000000.0,,,,3567594000,,,,,,,,,,0.46,0.46,,,,,,,386996000.0,,1725839000.0,,,,,,,,32000.0,,,,,,,,,,,,,,,,8846000.0,,,,59770000.0,,,,,,,,,,,,307544759,307544759,3075000.0,,,236000000.0,,,,780187000.0,,,,,,,,,3428280000.0,,,,,,,,,,12000000.0,,,,,,,,,,,,,,,,,,,,,,,,199657000.0,,,,,,,,,,,,,,,,,,,,,,,,,,,,,,,,,,,,4000000.0,,,,,,,,,,,,,,,,,20818000.0,58893000.0,,,,40870000.0,,,,,,,,,,,,,,,,,,,,,,,,,,,,,,,,,0.326,,,,,,,,,,118755000,,,,,,181000000.0,4637000.0,4637000.0,,,,,,,,,,,,,,,,,,,,,,,,,,311506000.0,,,,,,,,976475000.0,584231000.0,,,,,,,,,,,,,0.0,,,,,,,,,,,,122381000.0,,,,109045000.0,572000000.0,0.3,0.3,,0.0,,,1205000.0,,35600000.0,,,180126000.0,,-4222000.0,,,,83188000.0,,,,,-14704000.0,,668000.0,,,23988000.0,,-40973000.0,,,54917000.0,,,,,,,,,,,,,,,,,,,,,,,,,8303199000,1210785000,,,,,,,,,,,,,,,,,,,-226617000.0,,504995000.0,,,,,,-29055000.0,,,,,,,,,,,,,,,,,,,,,,,,,,,101562000,,,,,-154000000.0,,,,,,,-28000.0,,,,,,,,,,,,,,,,,57088000.0,174146000,,-8683000.0,1562000.0,,,,,,0.0,,,,,,,,,67331000.0,,,,,178987000.0,,,0.0,,,,,0.0,,,,,-14000000.0,,,,6110000.0,,,,,,1092124000.0,,,,,,0.0,,,,0.0,,,2077000.0,,,,,,,2590359000,,,,,,1006531000.0,,,,153546000.0,,,,,,,,,,,,,,,,,,,,,,,,,,,,,,,,,,,,,23151000.0,,,,,,,,,,3772000.0,,,,,,,,,,,,,,,,,,,,,,,,,,,,,304131000.0,299574000.0,,,,,,,,,,,,,,,,,,,,,,,,,,,,,,1
51,651117000,,,243018000,,-5596000.0,,-272529000.0,11075000.0,1122787000,,,,17544000.0,,,,63000000.0,,,,,,7356857000.0,3318126000,,,,,,,,,,1.26,1.25,,,,,,,112958000.0,,,,,,,,,,,,,,,,,,,,,,,,,,,,,,,,,,,,,,,,0.01,1000000000.0,308283752,308283752,3083000.0,,,1038000000.0,,,,,,,,,,,,,3339088000.0,,,,,,,,,,,,,,,,,,,,,,,,,,,,,,,,,,221504000.0,,,,,,,,,,,,,,,,,,,,,,,,,,,,,,,,,,,,5000000.0,,,,,,,,,,,,,,,,,,31047000.0,,,,,,,,,,,,,,,,,,,,,,,,,,,,,,,,,,,0.88,0.87,0.326,,,,,,,,,,89977000,,,,,,181000000.0,,,,,,,,,,,,,,,,,,,,,,,,,,,,339255000.0,,,,,,,,997959000.0,576451000.0,,,,,,,,,,,,,128000.0,2286518000.0,,,,,,,,,,,540490000.0,,,,,306000000.0,1.26,1.25,,-4397000.0,,,991000.0,0.0,,,,,,31004000.0,,,,-42548000.0,,,,,83515000.0,,700000.0,,,,,-26381000.0,,,,,,,1782797000.0,,,,,,,,,,,,,,,,,,,,,8122246000,1159701000,,,,,,,,,,,,,,,,,,,-238537000.0,,544282000.0,,,,,,-13931000.0,,,,,,,,,,,,,,,,,,,,,,,,,,,112355000,,,,,-187000000.0,,,,,,,2134000.0,,,,,,,,,,,,,,,,,61109000.0,200893000,,,,,,,,,8000000.0,,,,16759000.0,,,,,33615000.0,,,,,178987000.0,,,,,,,,,,,,,-22000000.0,,,,12937000.0,,,,,,693000000.0,,758641000.0,,882582000.0,,,,,,,,,8367000.0,,,,,,,2726637000,,,,,,,,,,,,,,,,,,,,,,,,,,,,,,,,,,,,,,,,,,,,,,,,,,,,5147941000.0,,,,,850000.0,,,,,,,,,,,,,,,,,,,,,,,,,,,,,,,,,,,,,,,,,,,,,,,,,,,,,,,,,,,,1
52,724201000,,,246747000,,-5596000.0,,-272529000.0,,1130318000,,,,,,22021000.0,,64000000.0,,,26000000.0,,,8185944000.0,3500735000,,,,,,,,,,1.32,1.3,,,,,,,123302000.0,,7046360000.0,,,,,,,,,,,,,,,,,,,,,,,,3555000.0,,,,,,,,,,,,,,0.01,1000000000.0,308620187,308620187,3086000.0,321283000.0,,220000000.0,,,,2987126000.0,,,,,,,,,4476000000.0,,,,,,,,,,,,,,,,,,,,,,,,,,,,,,,,,,225262000.0,,,,,,,,,,,,,,,,,,,,,,,,,,,,,,,,,,,,,,,,,,,,,,,,,,,,,80969000.0,,,,,29442000.0,,,,,,,,,,,,,,,,,,,,,,,,,,,,,,,0.88,0.87,,,,,,,,,,,106811000,,,,,,181000000.0,,,,,,,,,,,,,,,,,,,,,,,,,,,,357499000.0,,,,,,,,1248430000.0,595333000.0,,,,,,,,,,,,,,2348092000.0,,,,,,,1279019000.0,,,,309967000.0,,,,475827000.0,855346000.0,,,,,,,,,164204000.0,,,115346000.0,,-12412000.0,,,6090000.0,-27070000.0,,0.0,,,46376000.0,2905000.0,,,,24596000.0,,-68032000.0,,,42340000.0,,,,1890536000.0,,,,,,,,,,,,,,,,,,,,,8430942000,1221660000,,,,,,,,,,,,,,,,,,,,,,199037000.0,,,,,,,,,,,,,,,333609000.0,,,,,,,,,,,,,,,,,119657000,,,,,-167000000.0,,2469000.0,,,-65245000.0,,,,,,,,,,,,,,-3000000.0,,,,,61109000.0,236627000,,-4356000.0,2130000.0,,,,,,-1000000.0,,,,,,,160517000.0,,,,,,,178987000.0,,,,,,,,,,,2636596000.0,,-6000000.0,,,,,,,,,,420000000.0,,1055046000.0,,995153000.0,,,,,,9461000.0,,,31587000.0,,,,,,,2877551000,,,,,,3055015000.0,,,,597052000.0,,,,,,,,,,,,,,,,,,,,,,,,,,,,,,,,,,,,,23857000.0,,,,2779907000.0,,,,,,,,,,,,,,,-69817000.0,,,,,,,,,,,,,,,,,,,,305514000.0,301406000.0,,,,,,,,,,,,,,,,,,,,,,,,,,,,,,1
53,749852000,,,253241000,,-5596000.0,,,,1135627000,,,,5700000.0,,,14077000.0,63000000.0,,,,,,8203952000.0,3668373000,,,,,,,,,,0.37,0.36,,,,,,,494538000.0,,2103548000.0,,,,,,,,37000.0,,,,,,,,,,,,,,,,,,,,,,141823000.0,,,,,,,,0.01,1000000000.0,309018211,309018211,3090000.0,,,,,,,,,,,,,,,,4404369000.0,,,,,,,,,,,,,,,,,,,,,,,,,,,,,,,,,,241544000.0,,,,,,,,,,,,,,,,,,,,,,,,,,,,,,,,,,,,,,,,,,,,,,,,,,,,,,90647000.0,,,,32998000.0,,,,,,,,,,,,,,,,,,,,,,,,,,,,,,,0.21,,,,,,,,,,,-1163000.0,120575000,,8268000.0,,,,179000000.0,,,,,,,,,,,,,,,,,,,,,,,,,,,,395867000.0,,,,,,,,1267939000.0,602424000.0,,,,,,,,,,,,,128000.0,2319246000.0,,,,,,,,,,,157007000.0,,,,,856000000.0,,,,,,,3878000.0,0.0,,,,,,18577000.0,,,,64114000.0,,-86367000.0,,,50801000.0,,732000.0,,,,,-27059000.0,,,,,,,1912568000.0,,,,,,,,,,,,,,,,,,,,,8863938000,1302338000,,,,,,,,,,,,,,,,,,,637803000.0,-625024000.0,130207000.0,,,,,,-45443000.0,,,,,,,,,,,,,,,,,,,,,,,,,,,133560000,,,,,35000000.0,,,,,,,2353000.0,,,,,,,,,,,,,,,,,61109000.0,257302000,,,,,,,,,3502000.0,,,,16938000.0,,,,,100191000.0,,,,,180367000.0,,,6600000.0,,,,,,,,,,,,,,16750000.0,3202000.0,,,,,955000000.0,,1023707000.0,,959321000.0,,36910000.0,,,,,,,33922000.0,,,,,,,2999932000,,,,,,,,,,,,,,,,,,,,,,,,,,,,,,,,,,,,,,,,,,,,,,,25055000.0,,,,2954093000.0,,,,,,5303000.0,,,,,,,,,,,,,,,,,,,,,,,,,,,,,,,,,,,,,,,,,,,,,,,,,,,,,,,,,,,,1
54,788613000,,,218600000,,,,-250950000.0,20011000.0,1141451000,,,,,,,,57000000.0,,,102000000.0,,,8303199000.0,3822134000,,,,,,,,,,0.4,0.4,,,,,,,473262000.0,,1774002000.0,,,,,,,,,,,,,,,,,,,,,,,,1617000.0,,,,,,,,,,,,,,0.01,1000000000.0,309126386,309126386,3091000.0,,,491000000.0,,,,,,,,,,,,,4347697000.0,,,,,,,,,,,,,,,,,,,,,,,,,,,,,,,,,,252359000.0,,,,,,,,,,,,,,,,,,,,,,,,,,,,,,,,,,,,,,,,,,,,,,,,,,,,,,,,,,14544000.0,,,,,,0.0,0.0,,,,,,,,,,,,,,,,,,,,,,,,0.21,,0.339,,,,,,,,,,143424000,,,,,,154000000.0,,,,,,,,,,,,,,,,,,,,,,,,,,,,431693000.0,,,,,,,,1279145000.0,664969000.0,,,,,,,,,,,,,,2319246000.0,,,,,,,,,,,444069000.0,,,,,284006000.0,0.35,0.35,,4000000.0,,,,,,,,184719000.0,,24449000.0,,,7262000.0,745000.0,,-87000000.0,,,108893000.0,,,,,73806000.0,,-87682000.0,,,65888000.0,,,,1935237000.0,,,,,,,,,,,,,,,,,,,,,9366872000,1322724000,,,,,,,,,,,,,,,,,,,633166000.0,,134844000.0,,,,,,,,,,,,,,,,,,,,,,,,,,,,,,,,,142965000,,,,,,,,,,,,,,,,,,,,,,,,,,,,,,307516000,,7187000.0,,,,,,,10000000.0,,,,,,,,,,,,,,228732000.0,,,,,,,,,,,,,,,,,,,,,,,262000000.0,,811576000.0,,860549000.0,,,,,,255792000.0,,,53045000.0,,,,,,,3124103000,,,,,,,,,,,,,,,,,,,,,,,,,,,,,,,,,,,,,,,,,,,,,,,24841000.0,,,,3036713000.0,5415586000.0,,,,,,,,,,,,,,,,,,,,,,,,,,,,,,,,,,305677000.0,301719000.0,,,,,,,,,,,,,,,,,,,,,,,,,,,,,,1
55,788613000,,,218600000,,-4803000.0,,-71933000.0,20011000.0,1141451000,,,,22760000.0,,5546000.0,,57000000.0,,,,,,8303199000.0,3822134000,,,,,,,,,,1.61,1.6,,,,,,,149522000.0,,4819038000.0,,,,,,,,5000.0,,,,,,,,,,,,,,,,,,,,,,185806000.0,,,,,,,,,,309126386,309126386,3091000.0,52696000.0,,271000000.0,,,,973893000.0,,,,,,,,,4347697000.0,,,,,,,,,,,,,,,,,,,,,,,,,,,,,,,,,,252359000.0,,,,,,,,,,,,,,,,,,,,,,,,,,,,,,,,,,,,,,,,,,,,,,,,,,,,,26711000.0,31754000.0,,,,23349000.0,,,,,,,,,,,,,,,,,,,,,,,,,,,,,,,,,,,,,,,,,,-5884000.0,143424000,,,,,,146000000.0,,,,,,,,,,,,,,,,,,,,,,,,,,,,,,,,,,,,,664969000.0,,,,,,,,,,,,,,2319246000.0,,,,,,,409705000.0,,,,134102000.0,,,,158710000.0,284000000.0,,,,0.0,,,2673000.0,0.0,54021000.0,,,,,63589000.0,,,,20378000.0,,-91947000.0,,,98362000.0,2290000.0,678000.0,,,,,,,,,,,,1935237000.0,,,,,,,,,,,,,,,,,,,,,9366872000,1322724000,,,,,,,,,,,,,,,,,,,1177965000.0,-1341505000.0,355230000.0,54048000.0,,,,,-16388000.0,,,,,,,,,,91434000.0,,,,,,,,,,,,,,,,,142965000,,,,,,,432000.0,,,719000.0,,23859000.0,,,,,,,,,,,,984000.0,,,,,100058000.0,307516000,,,96000.0,,,,,,17543000.0,,,,21128000.0,,,603735000.0,,32860000.0,,,,,200944000.0,,,36600000.0,,,,,,,,45239000.0,,,,,,17000000.0,4889000.0,,,,,1150000000.0,,811576000.0,,860549000.0,,146600000.0,,,,,,,66073000.0,,,,,,,3124103000,,,,,,1016707000.0,,,,184530000.0,,,,,,,,,,,,,,,,,,,,,,,,,,,,,,,,,,,,,23262000.0,,,,3114682000.0,,,,,,,,,,,,,,,140000.0,,,,,,,,,,,,,,,,,,,,,,,,,,,,,,,,,,,,,,,,,,,,,,,,,,,1
56,788613000,,,218600000,,-4803000.0,,-71933000.0,20011000.0,1141451000,,,,,,,17373000.0,57000000.0,,,,,,8303199000.0,3822134000,,,,,,,,,,1.54,1.53,,,,,,,142037000.0,,3640175000.0,,,,,,,,,,,,,,,,,,,,,,,,10715000.0,,,,,,,,,,,,,,,,309126386,309126386,3091000.0,,,569000000.0,,,,,,,,,,,,,4347697000.0,,,,,,,,,,,,,,,,,,,,,,,,,,,,,,,,,,252359000.0,,,,,,,,,,,,,,,,,,,,,,,,,,,,,,,,,,,,,,,,,,,,,,,,,,,,,,,,,,23349000.0,,,,,,0.02,0.02,,,,,,,,,,,,,,,,,,,,,,,,0.28,0.28,0.338,,,,,,,,,,143424000,,5459000.0,,,,141000000.0,,,,,,,,,,,,,,,,,,,,,,,,,,,,562335000.0,,,,,,,,1331373000.0,664969000.0,,,,,,,,,,,,,-12751000.0,2319246000.0,,,,,,,409705000.0,,,,484515000.0,,,,,1091476000.0,0.35,0.35,,398000.0,,,,0.0,,,,230036000.0,,42175000.0,,,-2125000.0,97584000.0,,-92000000.0,,,75444000.0,,,,,25222000.0,,,,,86021000.0,,,,1935237000.0,,,,,,,,,,,,,,,,,,,,,9366872000,1322724000,,,,,,,,,,,,,,,,,,,1171280000.0,,361915000.0,54048000.0,,,,,,,,,,,,,,,91434000.0,,,,,,,,,,,,,,,,,142965000,,,,,,,,,,,,,,,,,,,,,,,,-984000.0,,,,,134855000.0,307516000,,-9534000.0,,,,,,,23000000.0,,,,,,,,,,,,,,199030000.0,,,,,,,,,,,,,,,,,7601000.0,,,,,,,,811576000.0,,860549000.0,,,,,,,,,74822000.0,,,,,,,3124103000,,,,,,1016707000.0,,,,,,,,,,,,,,,,,,,,,,,,,,,,,,,,,,,,,,,,,23262000.0,,,,3114682000.0,5671300000.0,,,,,1334000.0,,,,,,,,,,,,,,,,,,,,,,,,,,,,,305837000.0,302030000.0,,,,,,,,,,,,,,,,,,,,,,,,,,,,,,1
57,788613000,,,218600000,,-4346000.0,,-20589000.0,20011000.0,1141451000,,,,,,11114000.0,,57000000.0,,,24000000.0,,,8303199000.0,3822134000,,,,,,,,,,0.49,0.48,,,,,,,293253000.0,,2456758000.0,,,,,,,,-4218000.0,,,,,,,,,,,,,,,,2936000.0,,,,,,184454000.0,,,,,,,,,,309126386,309126386,3091000.0,217825000.0,,78000000.0,,,,2011966000.0,,,,,,,,,4347697000.0,,,,,,,,,,,,,,,,,,,,,,,,,,,,,,,,,,252359000.0,,,,,,,,,,,,,,,,,,,,,,,,,,,,,,,,,,,,,,,,,,,,,,,,,,,,,56638000.0,125437000.0,,,,23349000.0,,,,,,,,,,,,,,,,,,,,,,,,,,,,,,,0.28,0.28,,,,,,,,,,-3489000.0,143424000,,,,,,141000000.0,,,,,,,,,,,,,,,,,,,,,,,,,,,,,,,,,,,,,664969000.0,,,,,,,,,,,,,,,,,,,,,,,,,,,,,318375000.0,1091000000.0,0.75,0.74,,,,,5907000.0,,108362000.0,,,13746000.0,,45136000.0,,,,203857000.0,,-128406000.0,,,55979000.0,2260000.0,603000.0,,,,,-23988000.0,,,10965000.0,,,,1935237000.0,,,,,,,,,,,,,,,,,,,,,9366872000,1322724000,,,,,,,,,,,,,,,,,,,1088482000.0,-1424690000.0,524151000.0,,,,,,-61980000.0,,,,,,,,,,,,,,,,,,,,,,,,,,,142965000,,,,,,,-3182000.0,,,-76032000.0,,,,,,,,,,,,,,-858000.0,,,,,113349000.0,307516000,,-8466000.0,1003000.0,,,,,,20959000.0,,,,,,,1268841000.0,,140950000.0,,,,,199030000.0,,,36600000.0,,,,,,,,162794000.0,,,,,,8000000.0,7525000.0,,,,,,,811576000.0,,860549000.0,,146600000.0,,,,9295000.0,,,115609000.0,,,,,,,3124103000,,,,,,,,,,371115000.0,,,,,,,,,,,,,,,,,,,,,,,,,,,,,,,,,,,,,23262000.0,,,,3114682000.0,5671300000.0,,,,,,,,,,,,,,-73117000.0,,,,,,,,,,,,,,,,,,,,,,,,,,,,,,,,,,,,,,,,,,,,,,,,,,,1
58,812661000,,,267364000,,-3529000.0,,,,1146391000,,,,,,5568000.0,17540000.0,55000000.0,,,30000000.0,,,,4039143000,,,,,,,,,,0.95,0.94,,,,,,,425386000.0,,7269869000.0,,,,,,,,,,,,,,,,,,,,,,,,4185000.0,,,,,,147119000.0,,,,,,,,0.01,1000000000.0,309630976,309630976,3096000.0,165129000.0,,313000000.0,,,,1038073000.0,,,,,,,,,4264148000.0,,,,,,,,,,,,,,,,,,,,,,,,,,,,,,,,,,242226000.0,,,,,,,,,,,,,,,,,,,,,,,,,,,,,,,,,,,,,,,,,,,,,,,,,,,,,29927000.0,,,,,,,,,,,0.0,0.0,,,,,,,,,,,,,,,,,,,,,,,,0.54,0.53,,,,,,,,,,-3704000.0,112140000,,5220000.0,,,,,,,,,,,,,,,,,,,,,,,,,,,,,,,,,,,,,,,,,658704000.0,,,,,,,,,,,,,,,,,,,,,,,,,248403000.0,,,,159665000.0,420000000.0,0.39,0.39,,,,,,,54341000.0,,,150555000.0,,23924000.0,,,42917000.0,-5016000.0,,-29895000.0,,,130520000.0,2229000.0,667000.0,,,,,-48584000.0,,,46606000.0,,,,,,,,,,,,,,,,,,,,,,,,,9636178000,1474788000,,,,,,,,,,,,,,,,,,,1225737000.0,-1709928000.0,635014000.0,,,,,,,,,,,,,,,,,,,,,,,,,,,,,,,,,146067000,,,,,,,-3614000.0,,,-76751000.0,,,,,,,,,,,,,,-1842000.0,,,,,121623000.0,329395000,,310000.0,907000.0,,,,,,6000000.0,,,,0.0,,,1301127000.0,,,,,,,199030000.0,,,36600000.0,,,,,,,,424976000.0,,,,,,12000000.0,7963000.0,,,,,,,,,,,146600000.0,,,,18590000.0,,,25587000.0,,,,,,,3271718000,,,,,,,,,,186585000.0,,,,,,,,,,,,,,,,,,,,,,,,,,,,,,,,,,,,,,,,,,5671300000.0,,,,,,,,,,,,,,-73257000.0,,,,,,,,,,,,,,,,,,,,,,,,,,,,,,,,,,,,,,,,,,,,,,,,,,,1
59,981643000,,,312702000,,-3401000.0,,,,1403630000,,,,13659000.0,,,,52000000.0,,,96000000.0,,,8122246000.0,4593606000,,,,,,,,,,0.49,0.49,,,,,,,125299000.0,,5653548000.0,,,,,,,,46000.0,,,,,,,,,,,,,,,,,,,,161590000.0,,,,,,,,,,0.01,1000000000.0,317820824,317820824,3178000.0,,,,,,,,,,,,,,,,4086298000.0,,,,,,,,,,,,,,,,,,,,,,,,,,,,,,,,,,332602000.0,,,,,,,,,,,,,,,,,,,,,,,,,,,,,,,,,,,,,,,,,,,,,,,,,,,,,,30669000.0,,,,1316000.0,,,,,,0.02,0.02,,,,,,,,,,,,,,,,,,,,,,,,0.25,0.25,0.307,,,,,,,,,,163294000,,,,,,,,,,,,,,,,,,,,,,,,,,,,,,,,,,811075000.0,,,,,,,,1475924000.0,890931000.0,,,,,,,,,,,,,0.0,3075293000.0,,,,,,,1724140000.0,,,,,,,,,950000000.0,,,,1179000.0,,,1412000.0,0.0,,,,,,,,,,,,-30000000.0,,,,,,,,,,-24596000.0,,,,,,,1978465000.0,,,,,,,,,,,,,,,,,,,,,11548631000,1788308000,,,,,,,,,,,,,,,,,,,,,,261225000.0,,,,,-16825000.0,,,,,,,,,,437953000.0,,,,,,,,,,,,,,,,,168901000,,,,,,,,,,,,-1995000.0,,,,,,,,,,,,,,,,,94664000.0,389570000,,,,,,,,,,,,,0.0,,,,,26096000.0,,,,,,,,,,,,,,,,,,,,,,16177000.0,,,,,,,,809208000.0,,973670000.0,,,,,,,,,,,,,,,,3428725000,,,,,,4122930000.0,,,,,,,,,,,,,,,,,,,,,,,,,,,,,,,,,,,,,,,,,,,,,,,,,,,536000.0,,,,,,,,,,,,,,,,,,,,,,,,,,,,,306206000.0,302724000.0,,,,,,,,,,,,,,,,,,,,,,,,,,,,,,1
60,941747000,,,358212000,,,,,,1409242000,,,,,,16291000.0,,50000000.0,,,42000000.0,,,8430942000.0,4593060000,,,,,,,,,,1.38,1.37,,,,,,,558275000.0,,2417276000.0,,,,,,,,,,,,,,,,,,,,,,,,4918000.0,,,,,,,,,,,,,,0.01,1000000000.0,318197309,318197309,3182000.0,286300000.0,,,,,,3068579000.0,,,,,,,,,3896722000.0,,,,,,,,,,,,,,,,,,,,,,,,,,,,,,,,,,325537000.0,,,,,,,,,,,,,,,,,,,,,,,,,,,,,,,,,,,,,,,,,,,,,,,,,,,,,87136000.0,,,,,0.0,,,,,,0.0,0.0,,,,,,,,,,,,,,,,,,,,,,,,0.25,0.25,,,,,,,,,,,153536000,,,,,,,,,,,,,,,,,,,,,,,,,,,,,,,,,,-811000000.0,,,,,,,,1476000000.0,872072000.0,,,,,,,,,,,,,,3059488000.0,,,,,,,1724140000.0,,,,150355000.0,,,,458175000.0,261000000.0,0.39,0.39,,,,,,,155926000.0,,,218332000.0,,-25380000.0,,,25967000.0,12777000.0,,-21000000.0,,,112178000.0,2195000.0,,,,28515000.0,,-100620000.0,,,57519000.0,,,,2063462000.0,,,,,,,,,,,,,,,,,,,,,11585336000,1735680000,,,,,,,,,,,,,,,,,,,,,,261225000.0,,,,,,,,,,,,,,,437953000.0,,,,,,,,,,,,,,,,,205226000,,,,,,,-123000.0,,,-85196000.0,,,,,,,,,,,,,,-5557000.0,,,,,121623000.0,376566000,,3516000.0,1021000.0,,,,,,6000000.0,,,,,,,1349339000.0,,,,,,,283207000.0,,,,,,,,,,,839171000.0,,,,,,16000000.0,,,,,,,,841608000.0,,1001246000.0,,,,,,27884000.0,,,,,,,,,,3562827000,,,,,,,,,,563344000.0,,,,,,,,,,,,,,,,,,,,,,,,,,,,,,,,,,,,,24965000.0,,,,3234409000.0,5671000000.0,,,,,,,,,,,,,,-85434000.0,,,,,,,,,,,,,,,,,,,,,,,,,,,,,,,,,,,,,,,,,,,,,,,,,,,1
61,942398000,,,288425000,,,,,,1415188000,,,,7986000.0,,,21468000.0,53000000.0,,,137000000.0,,,8863938000.0,4520949000,,,,,,,,,,0.41,0.4,,,,,,,153386000.0,,1859797000.0,,,,,,,,83000.0,,,,,,,,,,,,,,,,,,,,107337000.0,,30098000.0,,,,,,,,0.01,1000000000.0,318417821,316146114,3184000.0,,,,,,,,,,,,,,,,4072026000.0,,,,,,,,,,,,,,,,,,,,,,,,,,,,,,,,,,311434000.0,,,,,,,,,,,,,,,,,,,,,,,,,,,,,,,,,,,,,,,,,,,,,,,,,,,,,,61714000.0,,,,0.0,,,,,,0.02,0.02,,,,,,,,,,,,,,,,,,,,,,,,,,,,,,,,,,,3034000.0,172005000,,6227000.0,,,,,,,,,,,,,,,,,,,,,,,,,,,,,,,,-763000000.0,,,,,,,,1335000000.0,847452000.0,,,,,,,,,,,,,-12751000.0,3117150000.0,,,,,,,,,,,,,,,,1144000000.0,1.08,1.07,,781000.0,,,1958000.0,,,,,,,,,,,,,,,,,,580000.0,,,66787000.0,,,,,,,,,2236376000.0,,,,,,,,,,,,,,,,,,,,,11393402000,1690348000,,,,,,,,,,,,,,,,,,,-326386000.0,181157000.0,172293000.0,,,,,,-31544000.0,,,,,,,,,,,,,,,,,,,,,,,,,,,162912000,,,,,,,,,,,,-1875000.0,,,,,,,,,,,,,,,,,,364194000,,,,,,,,,8000000.0,,,,3313000.0,,,,,66763000.0,,,,,319942000.0,,,111300000.0,,,,,,,,,,,,,,19565000.0,2464000.0,,,,,,,867972000.0,,1021728000.0,,12900000.0,,,,,,,,,,,,,,3598876000,,,,,,4122930000.0,,,,,,,,,,,,,,,,,,,,,,,,,,,,,,,,,,,,,,,,,30021000.0,,,,3307639000.0,5671000000.0,,,,,5468000.0,,,,,,,,,,,,,,,,,,,,,,,,,,,,,306045000.0,302343000.0,,,,,,,,,,,,,,,,,,,,,,,,,,,,,,1
62,942398000,,,288425000,,,,,,1415188000,,,,,,5177000.0,,53000000.0,,,,,,9366872000.0,4520949000,,,,,,,,,,1.81,1.8,,,,,,,,,9141688000.0,,,,,,,,,,,,,,,,,,,,,,,,18122000.0,,,,,,,,,,,,,,,,318417821,316146114,3184000.0,68475000.0,,,,,,1056613000.0,,,,,,,,,4072026000.0,,,,,,,,,,,,,,,,,,,,,,,,,,,,,,,,,,311434000.0,,,,,,,,,,,,,,,,,,,,,,,,,,,,,,,,,,,,,,,,,,,,,,,,,,,,,30498000.0,,,,,0.0,,,,,,0.0,0.0,,,,,,,,,,,,,,,,,,,,,,,,0.78,0.77,0.247,,,,,,,,,,172005000,,,,,,,,,,,,,,,,,,,,,,,,,,,,,,,,,,,,,,,,,,,,,,,,,,,,,,,,,3054769000.0,,,,,,,,,,,400261000.0,,,,139800000.0,,,,,,,,,,47564000.0,,,273019000.0,,-71997000.0,,,40711000.0,71058000.0,,-11000000.0,,,70797000.0,2066000.0,521000.0,,,38272000.0,,,,,95707000.0,,,,2380783000.0,,,,,,,,,,,,,,,,,,,,,11393402000,1690348000,,,,,,,,,,,,,,,,,,,,,,,,,,,,,,,,,,,,,,,,,,,,,,,,,,,,,,162912000,,,,,,,3059000.0,,,-9164000.0,,,,,,,,,,,,,,-4699000.0,,,,,130903000.0,364194000,,13320000.0,18000.0,,,,,,10000000.0,,,,0.0,,,,,,,,,,245082000.0,,,,,,,,,,,,,,,,,20000000.0,,,,,,,,913089000.0,,1027106000.0,,,,,,27884000.0,,,,,,,,,,3598876000,,,,,,,,,,192229000.0,,,,,,,,,,,,,,,,,,,,,,,,,,,,,,,,,,,,,27176000.0,,,,3427277000.0,5671000000.0,,,,,,,,,,,,,,-12317000.0,,,,,,,,,,,,,,,,,,,,,,,,,,,,,,,,,,,,,,,,,,,,,,,,,,,1
63,942398000,,,288425000,,-932000.0,,,20204000.0,1415188000,,,,20837000.0,,,,53000000.0,,,,,,9366872000.0,4520949000,,,,,,,,,,0.5,0.49,,,,,,,,,,,,,,,,,37000.0,,,,,,,,,,,,,,,,,,,,,,69028000.0,,,,,,,,,,318417821,316146114,3184000.0,,,,,,,,,,,,,,,,4072026000.0,,,,,,,,,,,,,,,,,,,,,,,,,,,,,,,,,,311434000.0,,,,,,,,,,,,,,,,,,,,,,,,,,,,,,,,,,,,,,,,,,,,,,,,,,,,,,31045000.0,,,,,,,,,,,,,,,,,,,,,,,,,,,,,,,,,,,,,,,,,,,,,,16271000.0,172005000,,,,,,,,,,,,,,,,,,,,,,,,,,,,,,,,,,,,,,,,,,,769038000.0,,,,,,,,,,,,,0.0,3054769000.0,,,,,,,445121000.0,,,,,,,,,,0.33,0.33,,1619000.0,,,546000.0,,,,,,,,,,,,,-34000000.0,,,,,689000.0,,,107647000.0,,-28515000.0,,,,,,,2380783000.0,,,,,,,,,,,,,,,,,,,,,11393402000,1690348000,,,,,,,,,,,,,,,,,,,-423076000.0,113736000.0,362097000.0,62188000.0,,,,,-14719000.0,,,,,,,,,,104344000.0,,,,,,,,,,,,,,,,,162912000,,,,,,,,,,,,-4798000.0,,,,,,,,,,,,,,,,,67410000.0,364194000,,13192000.0,,,,,,,5000000.0,,,,19000000.0,,,77056000.0,,40667000.0,,,,,260890000.0,,,111300000.0,,,,,,,,201669000.0,,,,,,2000000.0,5151000.0,,,,,,,913089000.0,,1027106000.0,,111300000.0,,,,,,,,,,,,,,3598876000,,,,,,1067915000.0,,,,,,,,,,,,,,,,,,,,,,,,,,,,,,,,,,,,,,,,,25441000.0,,,,3442949000.0,5671000000.0,,,,,3598000.0,,,,,,,,,,,,,,,,,,,,,,,,,,,,,,,,,,,,,,,,,,,,,,,,,,,,,,,,,,,,1
64,942398000,,,288425000,,,,,20204000.0,1415188000,,,,,,21336000.0,22464000.0,53000000.0,,,140000000.0,,,9366872000.0,4520949000,,,,,,,,,,,,,,,,,,,,7406263000.0,,,,,,,,,,,,,,,,,,,,,,,,4199000.0,,,,150488000.0,,,,,,,,,,,,318417821,316146114,3184000.0,357978000.0,,,,,,4088151000.0,,,,,,,,,4072026000.0,,,,,,,,,,,,,,,,,,,,,,,,,,,,,,,,,,311434000.0,,,,,,,,,,,,,,,,,,,,,,,,,,,,,,,,,,,,,,,,,,,,,,,,,,,,,120719000.0,,,,,,,,,,,,,,,,,,,,,,,,,,,,,,,,,,,,0.24,0.24,0.263,,,,,,,,,,172005000,,6614000.0,,,,,,,,,,,,,,,,,,,,,,,,,,,,,,,,,,,,,,,,,,,,,,,,,,,,,,,3054769000.0,,,,,,,445121000.0,,,,151858000.0,,,,587888000.0,,,,,,,,,,204264000.0,,,15464000.0,,-77621000.0,,,25776000.0,127153000.0,,-21000000.0,,,-241000.0,2107000.0,584000.0,,,40860000.0,,,,,13975000.0,,,,2380783000.0,,,,,,,,,,,,,,,,,,,,,11393402000,1690348000,,,,,,,,,,,,,,,,,,,,,,62188000.0,,,,,,,,,,,,,,,104344000.0,,,,,,,,,,,,,,,,,162912000,,,,,,,9023000.0,,,-161705000.0,,,,,,,,,,,,,,-14617000.0,,,,,102374000.0,364194000,,16311000.0,1035000.0,,,,,,,,,,,,,,,,,,,,260890000.0,,,,,,,,,,,,,,,,,,,,,,,,,913089000.0,,1027106000.0,,,,,,,,,,,,,,,,3598876000,,,,,,1067915000.0,,,,762888000.0,,,,,,,,,,,,,,,,,,,,,,,,,,,,,,,,,,,,,25441000.0,,,,3442949000.0,5858627000.0,,,,,,,,,,,,,,-175639000.0,,,,,,,,,,,,,,,,,,,,306961000.0,304003000.0,,,,,,,,,,,,,,,,,,,,,,,,,,,,,,1
65,952688000,,,317826000,,8091000.0,,,,1420685000,,,,,,,22000000.0,,,,,,,,4644770000,,,,,,,,,,,,,,,,,,,,2135020000.0,,,,,,,,,,,,,,,,,,,,,,,,7004000.0,,,,150488000.0,,,,,,,,,,0.01,1000000000.0,318888569,313973538,3189000.0,,,,,,,,,,,,,,,,3788555000.0,,,,,,,,,,,,,,,,,,,,,,,,,,,,,,,,,,305770000.0,,,,,,,,,,,,,,,,,,,,,,,,,,,,,,,,,,,,,,,,,,,,,,,,,,,,,,,,,,,,,,,,,,,,,,,,,,,,,,,,,,,,,,,,,0.24,0.24,0.252,,,,,,,,,,143026000,,-7000000.0,,,,,,,,,,,,,,,,,,,,,,,,,,,,,,,,,,,,,,,,,,,,,,,,,,,,,,,,,,,,,,501949000.0,,,,540615000.0,,,,,,1.39,1.38,,-915000.0,,,,,,,,110745000.0,,,,,,,,,,,,,646000.0,,,,,,,,55768000.0,,,,,,,,,,,,,,,,,,,,,,,,,12665910000,1971488000,,,,,,,,,,,,,,,,,,,,,,84592000.0,,,,,,,,,,,,,,,141588000.0,,,,,,,,,,,,,,,,,157073000,,,,,,,,,,,,,,,,,,,,,,,,-15000000.0,,,,,130021000.0,329298000,,,2886000.0,,,,,,,,,,,,,,,,,,,,260890000.0,,,,,,,,,,,,,,,,,5000000.0,,,,,,,,,,,,,,,,,,,,,,,,,,3696924000,,,,,,1195997000.0,,,,,,,,,,,,,,,,,,,,,,,,,,,,,,,,,,,,,,,,,25441000.0,,,,3442949000.0,5859000000.0,,,,,,,,,,,,,,,,,,,,,,,,,,,,,,,,,,307105000.0,304145000.0,,,,,,,,,,,,,,,,,,,,,,,,,,,,,,1
66,1031952000,,,309734000,,8091000.0,,,36510000.0,1429129000,,,,27695000.0,,5916000.0,26257000.0,60000000.0,,,119000000.0,,,,4631849000,,,,,,,,,,,,,,,,,,,,4790668000.0,,,,,,,,-548000.0,,,,,,,,,,,,,,,,,,,,150488000.0,,45250000.0,,,,,,,,0.01,1000000000.0,319010278,309695052,3190000.0,108451000.0,,,,,,1074433000.0,,,,,,,,,3278453000.0,,,,,,,,,,,,,,,,,,,,,,,,,,,,,,,,,,303179000.0,,,,,,,,,,,,,,,,,,,,,,,,,,,,,,,,,,,,,,,,,,,,,,,,,,,,,29453000.0,32974000.0,,,,,,,,,,,,,,,,,,,,,,,,,,,,,,,,,,,,,,,,,,,,,,23512000.0,171650000,,7479000.0,,,,,,,,,,,,,,,,,,,,,,,,,,,,,,,,,,,,,,,,,664849000.0,,,,,,,,,,,,,13000000.0,,,,,,,,501949000.0,,,,,,,,169101000.0,,,,,,,,-20284000.0,,60098000.0,,,,,23291000.0,,,41585000.0,-71811000.0,,,,,205029000.0,2456000.0,686000.0,,,138504000.0,,-38272000.0,,,,,,,,,,,,,,,,,,,,,,,,,,,,12704236000,2106946000,,,,,,,,,,,,,,,,,,,-112567000.0,-384595000.0,518900000.0,84592000.0,,,,,-11794000.0,,,,,,,,,,141588000.0,,,,,,,,,,,,,,,,,147954000,,,,,,,3163000.0,,,21539000.0,,1033000.0,,,,,,,,,,,,736000.0,,,,,130021000.0,342185000,,2721000.0,-1768000.0,,,,,,,,,,,,,252667000.0,,32810000.0,,,,,,,,111300000.0,,,,,,,,1025496000.0,,,,,,9000000.0,7470000.0,,,,,,,,,,,111300000.0,,,,8810000.0,,,,,,,,,,3847485000,,,,,,1195997000.0,,,,203241000.0,,,,,,,,,,,,,,,,,,,,,,,,,,,,,,,,,,,,,,,,,,5859000000.0,,,,,,,,,,,,,,21579000.0,,,,,,,,,,,,,,,,,,,,,,,,,,,,,,,,,,,,,,,,,,,,,,,,,,,1
67,997874000,,,326634000,,,,,36510000.0,1427382000,,,,,,,26000000.0,70000000.0,,,,,,9636178000.0,4483858000,,,,,,,,,,,,,,,,,,,,4915076000.0,,,,,,,,,,,,,,,,,,,,,,,,11010000.0,,,,,,,,,,,,,,0.01,1000000000.0,319598334,306402419,3196000.0,112890000.0,,,,,,,,,,,,,,,3133465000.0,,,,,,,,,,,,,,,,,,,,,,,,,,,,,,,,,,296199000.0,,,,,,,,,,,,,,,,,,,,,,,,,,,,,,,,,,,,,,,,,,,,,,,,,,,,,,,,,,,,,,,,,,,,,,,,,,,,,,,,,,,,,,,,,0.26,0.26,0.257,,,,,,,,,,162152000,,-8000000.0,,,,,,,,,,,,,,,,,,,,,,,,,,,,,,,,,,,,,,,,,665000000.0,,,,,,,,,,,,,0.0,3120844000.0,,,,,,,,,,,,,,,,,,,,-638000.0,,,,,,,,158740000.0,,,,,,,,,,,,1691000.0,,,,,,,,,74417000.0,,,,2401309000.0,,,,,,,,,,,,,,,,,,,,,12411690000,2054051000,,,,,,,,,,,,,,,,,,,,,,,,,,,,,,,,,,,,,,,,,,,,,,,,,,,,,,149281000,,,,,,,,,,,,,,,,,,,,,,,,1000000.0,,,,,130021000.0,322205000,,2970000.0,,,,,,,,,,,,,,,,,,,,,222624000.0,,,,,,,,,,,,,,,,,3000000.0,,,,,,,,929756000.0,,1065617000.0,,,,,,,,,,,,,,,,3999748000,,,,,,,,,,,,,,,,,,,,,,,,,,,,,,,,,,,,,,,,,,,,,,,,,,,3606871000.0,5894009000.0,,,,,1467000.0,,,,,,,,,,,,,,,,,,,,,,,,,,,,,307247000.0,304286000.0,,,,,,,,,,,,,,,,,,,,,,,,,,,,,,1
68,942795000,,,289683000,,11254000.0,,,,1418239000,,,,,,11425000.0,29000000.0,68000000.0,,,,,,11548631000.0,4687819000,,,,,,,,,,,,,,,,,,,,2448407000.0,,,,,,,,-208000.0,,,,,,,,,,,,,,,,,,,,,,,,,,,,,,0.01,1000000000.0,319927243,306731328,3199000.0,172437000.0,,,,,,2188559000.0,,,,,,,,,2896676000.0,,,,,,,,,,,,,,,,,,,,,,,,,,,,,,,,,,310129000.0,,,,,,,,,,,,,,,,,,,,,,,,,,,,,,,,,,,,,,,,,,,,,,,,,,,,,59235000.0,128192000.0,,,,,,,,,,,,,,,,,,,,,,,,,,,,,,,,,,,,,,,,,,,,,,,179203000,,-9000000.0,,,,,,,,,,,,,,,,,,,,,,,,,,,,,,,,,,,,,,,,,572000000.0,,,,,,,,,,,,,-23564000.0,3191613000.0,,,,,,,,,,,146154000.0,,,,354667000.0,,0.31,0.31,,,,,-64471000.0,,124780000.0,,,,,96888000.0,,,84125000.0,-131229000.0,,,,,149052000.0,2360000.0,681000.0,,,,,-107647000.0,,,,,,,2718158000.0,,,,,,,,,,,,,,,,,,,,,12779956000,2178512000,,,,,,,,,,,,,,,,,,,,,,,,,,,-55597000.0,,,,,,,,,,,,,,,,,,,,,,,,,,,153110000,,,,,,,2233000.0,,,112905000.0,,-1000000.0,,,,,,,,,,,,677000.0,,,,,,365672000,,3554000.0,-1740000.0,,,,,,,,,,,,,513088000.0,,170490000.0,,,,,216438000.0,,,111000000.0,,,,,,,,1667325000.0,,,,,,,2255000.0,,,,,,,1188464000.0,,1065617000.0,,111000000.0,,,,114800000.0,,,,,,,,,,4140136000,,,,,,,,,,409037000.0,,,,,,,,,,,,,,,,,,,,,,,,,,,,,,,,,,,,,27074000.0,,,,3856685000.0,5894009000.0,,,,,,,,,,,,,,115176000.0,,,,,,,,,,,,,,,,,,,,,,,,,,,,,,,,,,,,,,,,,,,,,,,,,,,1
69,942795000,,,289683000,,11538000.0,,,,1418239000,,,,7968000.0,,11391000.0,,69931000.0,,,104000000.0,,,11585336000.0,4687819000,,,,,,,,,,,,,,,,,,,,2512707000.0,,,,,,,,,,,,,,,,,,,,,,,,16518000.0,,,,,,-34087000.0,,,,,,,,,,319927243,306731328,3199000.0,178924000.0,,,,,,,,,,,,,,,2896676000.0,,,,,,,,,,,,,,,,,,,,,,,,,,,,,,,,,,310129000.0,,,,,,,,,,,,,,,,,,,,,,,,,,,,,,,,,,,,,,,,,,,,,,,,,,,,,,,,,,,,,,,,,,,,,,,,,,,,,,,,,,,,,,,,,0.35,0.34,,,,,,,,,,2877000.0,179203000,,,,,,,,,,,,,,,,,,,,,,,,,,,,,,,,,,,,,,,,,,,,,,,,,,,,,,,,24000000.0,3392363000.0,,,,,,,1011822000.0,,,,,,,,,,0.35,0.35,,277000.0,,,,,,,,200098000.0,,,,,,,,,,,,1613000.0,,,,,,-40860000.0,,,137866000.0,,,,2794894000.0,,,,,,,,,,,,,,,,,,,,,12779956000,2178512000,,,,,,,,,,,,,,,,,,,-117506000.0,-64621000.0,145163000.0,160314000.0,,,,,,,,,,,,,,,272966000.0,,,,,,,,,,,,,,,,,153110000,,,,,,,,,,,,-313000.0,,,,,,,,,,,,1000000.0,,,,,104510000.0,365672000,,1318000.0,-2016000.0,,,,,,,,,,,,,513088000.0,,,,,,,260776000.0,,,0.0,,,,,,,,,,,,,,,,,,,,,,1201003000.0,,1065617000.0,,0.0,,,,,,,,,,,,,,4140136000,,,,,,2447745000.0,,,,,,,,,,,,,,,,,,,,,,,,,,,,,,,,,,,,,,,,,28862000.0,,,,4041037000.0,5895000000.0,,,,,1467000.0,,,,,,,,,,,,,,,,,,,,,,,,,,,,,307326000.0,304453000.0,,,,,,,,,,,,,,,,,,,,,,,,,,,,,,1
70,942795000,,,243193000,,11538000.0,,,-2032000.0,1418239000,,,,,,5509000.0,,70000000.0,,,,,,11393402000.0,4687819000,,,,,,,,,,,,,,,,,,,,7321617000.0,,,,,,,,,,,,,,,,,,,,,,,,,,,,,,,,,,,,,,,,319927243,306731328,3199000.0,63986000.0,,,,,,1114126000.0,,,,,,,,,2896676000.0,,,,,,,,,,,,,,,,,,,,,,,,,,,,,,,,,,300117000.0,,,,,,,,,,,,,,,,,,,,,,,,,,,,,,,,,,,,,,,,,,,,,,,,,,,,,29782000.0,,,,,,,,,,,,,,,,,,,,,,,,,,,,,,,,,,,,,,0.271,,,,,,,,,,179203000,,,,,,,,,,,,,,,,,,,,,,,,,,,,,,,,,,,,,,,,,,,,,,,,,,,,,,,,,3536511000.0,,,,,,,,,,,264669000.0,,,,185566000.0,,0.37,0.36,,,,,,,64682000.0,,,,,90879000.0,,,-22510000.0,-148237000.0,,,,,102381000.0,2264000.0,689000.0,,,,,-144536000.0,,,,,,,2836075000.0,,,,,,,,,,,,,,,,,,,,,12779956000,2178512000,,,,,,,,,,,,,,,,,,,,,,,,,,,,,,,,,,,,,,,,,,,,,,,,,,,,,,153110000,,,,,,,-930000.0,,,91366000.0,,-626000.0,,,,,,,,,,,,-59000.0,,,,,110500000.0,365672000,,12053000.0,28000.0,,,,,,,,,,,,,513088000.0,,,,,,,233877000.0,,,0.0,,,,,,,,284641000.0,,,,,,,2922000.0,,,,,,,1220162000.0,,1065617000.0,,0.0,,,,354800000.0,,,,,,,,,,4140136000,,,,,,,,,,205796000.0,,,,,,,,,,,,,,,,,,,,,,,,,,,,,,,,,,,,,29128000.0,,,,4198169000.0,5895000000.0,,,,,,,,,,,,,,93597000.0,,,,,,,,,,,,,,,,,,,,,,,,,,,,,,,,,,,,,,,,,,,,,,,,,,,1
71,942795000,,,289683000,,17278000.0,,,,1418239000,,,,15763000.0,,5475000.0,,,,,95000000.0,,,11393402000.0,4687819000,,,,,,,,,,,,,,,,,,,,7345138000.0,,,,,,,,120000.0,,,,,,,,,,,,,,,,,,,,,,65436000.0,,,,,,,,,,319927243,306731328,3199000.0,66034000.0,,,,,,,,,,,,,,,2896676000.0,,,,,,,,,,,,,,,,,,,,,,,,,,,,,,,,,,,,,,,,,,,,,,,,,,,,,,,,,,,,,,,,,,,,,,,,,,,,,,,,,,,,,,,,33166000.0,,,,,,,,,,,,,,,,,,,,,,,,,,,,,,,,,,,,,,,,,,,,,,-68359000.0,179203000,,,,,,,,,,,,,,,,,,,,,,,,,,,,,,,,,,,,,,,,,,,,,,,,,,,,,,,,,3536511000.0,,,,,,,509873000.0,,,,,,,,,,0.37,0.36,,-638000.0,,,-39549000.0,,,,,,,,,,,,,,,,,1534000.0,,,,,,,,,,,,,2836075000.0,,,,,,,,,,,,,,,,,,,,,12779956000,2178512000,,,,,,,,,,,,,,,,,,,1054343000.0,-1249217000.0,328669000.0,75722000.0,,,,,-20011000.0,,,,,,,,,,131378000.0,,,,,,,,,,,,,,,,,153110000,,,,,,,,,,,,1000000.0,,,,,,,,,,,,677000.0,,,,,123105000.0,365672000,,10320000.0,-97000.0,,,,,,,,,,,,,,,50393000.0,,,,,233877000.0,,,0.0,,,,,,,,,,,,,,,3772000.0,,,,,,,1220162000.0,,1211788000.0,,0.0,,,,,,,,,,,,,,4140136000,,,,,,1251748000.0,,,,,,,,,,,,,,,,,,,,,,,,,,,,,,,,,,,,,,,,,27914000.0,,,,4198169000.0,5917857000.0,,,,,1467000.0,,,,,,,,,,,,,,,,,,,,,,,,,,,,,307728000.0,305059000.0,,,,,,,,,,,,,,,,,,,,,,,,,,,,,,1
72,893807000,,,341671000,,,,,-40225000.0,1425600000,,,,7795000.0,,16983000.0,,,,,,,,11393402000.0,4442664000,,,,,,,,,,,,,,,,,,,,2392381000.0,,,,,,,,296000.0,,,,,,,,,,,,,,,,,,,,113246000.0,,61580000.0,,,,,,,,0.01,1000000000.0,320439059,303943144,3204000.0,,,,,,,,,,,,,,,,2735022000.0,,,,,,,,,,,,,,,,,,,,,,,,,,,,,,,,,,,,,,,,,,,,,,,,,,,,,,,,,,,,,,,,,,,,,,,,,,,,,,,,,,,,,,,,90882000.0,,,,,,,,,,,,,,,,,,,,,,,,,,,,,,,,,,,0.3,0.3,,,,,,,,,,-67385000.0,162944000,,,,,,,,,,,,,,,,,,,,,,,,,,,,,,,,,,,,,,,,,,,,,,,,,,,,,,,,24000000.0,3536511000.0,,,,,,,,,,,,,,,,,0.81,0.81,,0.0,,,-37977000.0,,,,,,,,,,,,,,,,,,,,,,,-36089000.0,,,,,,,2836075000.0,,,,,,,,,,,,,,,,,,,,,12354070000,1938968000,,,,,,,,,,,,,,,,,,,979314000.0,-1371516000.0,521167000.0,,,,,,-47731000.0,,,,,,,,,,,,,,,,,,,,,,,,,,,139878000,,,,,,,,,,,,,,,,,,,,,,,,0.0,,,,,112000000.0,326432000,,,912000.0,,,,,,,,,,,,,2966000.0,,102319000.0,,,,,233877000.0,,,,,,,,,,,390275000.0,,,,,,,1334000.0,,,,,,,1220162000.0,,1255876000.0,,,,,,,,,,,,,,,,4282753000,,,,,,,,,,,,,,,,,,,,,,,,,,,,,,,,,,,,,,,,,,,,,,,27914000.0,,,,4198169000.0,5786584000.0,,,,,1467000.0,,,,,,,,,,,,,,,,,,,,,,,,,,,,,307496000.0,304722000.0,,,,,,,,,,,,,,,,,,,,,,,,,,,,,,1
73,756846000,,,258490000,,,,,-40225000.0,1433338000,,,,,,5637000.0,,70000000.0,,,,,,,4106973000,,,,,,,,,,,,,,,,,,,,9754548000.0,,,,,,,,,,,,,,,,,,,,,,,,14227000.0,,,,,,,,,,,,,,0.01,1000000000.0,320530156,304034241,3205000.0,113524000.0,,,,,,1118953000.0,,,,,,,,,2466140000.0,,,,,,,,,,,,,,,,,,,,,,,,,,,,,,,,,,,,,,,,,,,,,,,,,,,,,,,,,,,,,,,,,,,,,,,,,,,,,,,,,,,,,,,30883000.0,87134000.0,,,,,,,,,,,,,,,,,,,,,,,,,,,,,,,,,,,,,0.275,,,,,,,,,,179470000,,,,,,,,,,,,,,,,,,,,,,,,,,,,,,,,,,,,,,,,,,,,,,,,,,,,,,,,0.0,,,,,,,,,,,,458152000.0,,,,154951000.0,,0.82,,,,,,,,52475000.0,,,88001000.0,,,,,35000000.0,,,,,,,2165000.0,509000.0,,,,,,,,75259000.0,,,,,,,,,,,,,,,,,,,,,,,,,12035299000,1949768000,,,,,,,,,,,,,,,,,,,,,,,,,,,-44198000.0,,,,,,,,,,,,,,,,,,,,,,,,,,,146486000,,,,,,,-1776000.0,,,56658000.0,,-932000.0,,,,,,,,,,,,3965000.0,,,,,112000000.0,343691000,,4000000.0,3017000.0,,,,,,,,,,,,,,,,,,,,,,,0.0,,,,,,,,605708000.0,,,,,,,,,,,,,,,,1154083000.0,,0.0,,,,4375000.0,,,,,,,,,,4401545000,,,,,,,,,,207887000.0,,,,,,,,,,,,,,,,,,,,,,,,,,,,,,,,,,,,,27914000.0,,,,,5787000000.0,,,,,,,,,,,,,,59618000.0,,,,,,,,,,,,,,,,,,,,,,,,,,,,,,,,,,,,,,,,,,,,,,,,,,,1
74,847733000,,,356858000,,,,,-40225000.0,1439493000,,,,22851000.0,,5592000.0,,68000000.0,,,,,,,4102508000,,,,,,,,,,,,,,,,,,,,9165664000.0,,,,,,,,176000.0,,,,,,,,,,,,,,,,,,,,109564000.0,,57484000.0,,,,,,,,0.01,1000000000.0,320830051,304334136,3208000.0,,,,,,,,,,,,,,,,2398502000.0,,,,,,,,,,,,,,,,,,,,,,,,,,,,,,,,,,,,,,,,,,,,,,,,,,,,,,,,,,,,,,,,,,,,,,,,,,,,,,,,,,,,,,,,57716000.0,,,,,,,,,,,,,,,,,,,,,,,,,,,,,,,,,,,1.26,1.25,,,,,,,,,,-77311000.0,196581000,,,,,,,,,,,,,,,,,,,,,,,,,,,,,,,,,,,,,,,,,,,,,,,,,,,,,,,,,,,,,,,,1529729000.0,,,,,,,,,,0.46,0.46,,-95000.0,,,1572000.0,,,,,,,-27170000.0,,,-20694000.0,7522000.0,,,,,63938000.0,,453000.0,,,,,-71973000.0,,,,,,,,,,,,,,,,,,,,,,,,,,,,12161212000,1926495000,,,,,,,,,,,,,,,,,,,882995000.0,-1458939000.0,710739000.0,233759000.0,,,,,-27720000.0,,,,,,,,,,396361000.0,,,,,,,,,,,,,,,,,150154000,,,,,,,,,,,,1000000.0,,,,,,,,,,,,4000000.0,,,,,112000000.0,358402000,,9202000.0,2928000.0,,,,,,,,,,,,,1135970000.0,,51926000.0,,,,,218664000.0,,,,,,,,,,,460186000.0,,,,,,,,,,,,,,,,1154083000.0,,,,,,6563000.0,,,,,,,,,,4595028000,,,,,,3745839000.0,,,,,,,,,,,,,,,,,,,,,,,,,,,,,,,,,,,,,,,,,,,,,4406587000.0,5787000000.0,,,,,,,,,,,,,,,,,,,,,,,,,,,,,,,,,,,,,,,,,,,,,,,,,,,,,,,,,,,,,,,,,1
75,932406000,,,334890000,,,,,,1444584000,,,,,,22345000.0,,69000000.0,,,,,,12665910000.0,4034032000,,,,,,,,,,,,,,,,,,,,2482059000.0,,,,,,,,,,,,,,,,,,,,,,,,6597000.0,,,,,,,,,,,,,,0.01,1000000000.0,320867602,303553000,3208000.0,302270000.0,,,,,,4359104000.0,,,,,,,,,2823831000.0,,,,,,,,,,,,,,,,,,,,,,,,,,,,,,,,,,,,,,,,,,,,,,,,,,,,,,,,,,,,,,,,,,,,,,,,,,,,,,,,,,,,,,,122120000.0,53968000.0,,,,,,,,,,,,,,,,,,,,,,,,,,,,,,,,,,,0.27,0.26,0.272,,,,,,,,,,208718000,,,,,,,,,,,,,,,,,,,,,,,,,,,,,,,,,,,,,,,,,,,,,,,,,,,,,,,,-23564000.0,3572198000.0,,,,,,,,,,,193483000.0,,,,649030000.0,,0.45,0.45,,,,,,,219703000.0,,,134998000.0,,,,,-21000000.0,,,,,,,2198000.0,501000.0,,,,,,,,86525000.0,,,,2692006000.0,,,,,,,,,,,,,,,,,,,,,12360533000,1988491000,,,,,,,,,,,,,,,,,,,,,,,,,,,-24187000.0,,,,,,,,,,,,,,,,,,,,,,,,,,,163662000,,,,,,,3447000.0,,,196699000.0,,-306000.0,,,,,,,,,,,,14000000.0,,,,,112000000.0,374640000,,9000000.0,2717000.0,,,,,,,,,,,,,,,,,,,,219952000.0,,,,,,,,,,,,,,,,,,,,,,,,,1206342000.0,,1154083000.0,,,,,,8750000.0,,,,,,,,,,4776040000,,,,,,,,,,828333000.0,,,,,,,,,,,,,,,,,,,,,,,,,,,,,,,,,,,,,28000000.0,,,,4719472000.0,5787000000.0,,,,,,,,,,,,,,200596000.0,,,,,,,,,,,,,,,,,,,,308369000.0,306157000.0,,,,,,,,,,,,,,,,,,,,,,,,,,,,,,1
76,932406000,,,334890000,,,,,,1444584000,,,,7088000.0,,,,63000000.0,,,,,,12704236000.0,4034032000,,,,,,,,,,,,,,,,,,,,2352397000.0,,,,,,,,71000.0,,,,,,,,,,,,,,,,,,,,244646000.0,,-15803000.0,,,,,,,,,,320867602,303553000,3208000.0,,,,,,,,,,,,,,,,2824000000.0,,,,,,,,,,,,,,,,,,,,,,,,,,,,,,,,,,,,,,,,,,,,,,,,,,,,,,,,,,,,,,,,,,,,,,,,,,,,,,,,,,,,,,,,150370000.0,,,,,,,,,,,,,,,,,,,,,,,,,,,,,,,,,,,,,,,,,,,,,,,208718000,,,,,,,,,,,,,,,,,,,,,,,,,,,,,,,,,,,,,,,,,,,,,,,,,,,,,,,,24000000.0,4421976000.0,,,,,,,,,,,,,,,,,0.45,0.45,,0.0,,,-33745000.0,,,,,,,-172140000.0,,,-18800000.0,-445493000.0,,,,,5111000.0,,485000.0,,,,,-35884000.0,,,,,,,2650138000.0,,,,,,,,,,,,,,,,,,,,,12360533000,1988491000,,,,,,,,,,,,,,,,,,,,,,,,,,,-71511000.0,,,,,,,,,,,,,,,,,,,,,,,,,,,163662000,,,,,,,,,,,,0.0,,,,,,,,,,,,5000000.0,,,,,120000000.0,374640000,,24516000.0,2263000.0,,,,,,,,,,,,,1206067000.0,,152746000.0,,,,,247838000.0,,,,,,,,,,,,,,,,,,,,,,,,,1206690000.0,,1154083000.0,,,,,,4375000.0,,,,,,,,,,4776040000,,,,,,,,,,,,,,,,,,,,,,,,,,,,,,,,,,,,,,,,,,,,,,,28467000.0,,,,4840460000.0,5787000000.0,,,,,,,,,,,,,,,,,,,,,,,,,,,,,,,,,,309193000.0,,,,,,,,,,,,,,,,,,,,,,,,,,,,,,,1
77,932406000,,,334890000,,,,,,1444584000,,,,,,22472000.0,,53490000.0,,,,,,12411690000.0,4034032000,,,,,,,,,,,,,,,,,,,,4835414000.0,,,,,,,,,,,,,,,,,,,,,,,,10154000.0,,,,,,,,,,,,,,,,320867602,303553000,3208000.0,,,,,,,,,,,,,,,,2824000000.0,,,,,,,,,,,,,,,,,,,,,,,,,,,,,,,,,,,,,,,,,,,,,,,,,,,,,,,,,,,,,,,,,,,,,,,,,,,,,,,,,,,,,,,,142170000.0,,,,,,,,,,,,,,,,,,,,,,,,,,,,,,,,,,,0.35,0.35,,,,,,,,,,-2513000.0,208718000,,,,,,,,,,,,,,,,,,,,,,,,,,,,,,,,,,,,,,,,,,,,,,,,,,,,,,,,0.0,4475266000.0,,,,,,,517907000.0,,,,638621000.0,,,,,,,,,0.0,,,,,,,,181306000.0,,,,,-19000000.0,,,,,,,1708000.0,544000.0,,,,,,,,143121000.0,,,,2582188000.0,,,,,,,,,,,,,,,,,,,,,12360533000,1988491000,,,,,,,,,,,,,,,,,,,-132731000.0,-57784000.0,177225000.0,73445000.0,,,,,-67949000.0,,,,,,,,,,123395000.0,,,,,,,,,,,,,,,,,163662000,,,,,,,,,,,,-8811000.0,,,,,,,,,,,,,,,,,138000000.0,374640000,,24000000.0,,,,,,,,,,,,,,,,,,,,,296947000.0,,,,,,,,,,,,,,,,,,,,,,,,,1184188000.0,,,,,,,,,,,,,,,,,,4776040000,,,,,,1298094000.0,,,,,,,,,,,,,,,,,,,,,,,,,,,,,,,,,,,,,,,,,29793000.0,,,,4782298000.0,,,,,,,,,,,,,,,,,,,,,,,,,,,,,,,,,,,308634000.0,306437000.0,,,,,,,,,,,,,,,,,,,,,,,,,,,,,,1
78,932406000,,,334890000,,,,,,1444584000,,,,29078000.0,,7285000.0,,53000000.0,,,,,,12779956000.0,4034032000,,,,,,,,,,,,,,,,,,,,2465118000.0,,,,,,,,-225000.0,,,,,,,,,,,,,,,,,,,,114605000.0,,49544000.0,,,,,,,,,,320867602,303553000,,157817000.0,,,,,,1161039000.0,,,,,,,,,2824000000.0,,,,,,,,,,,,,,,,,,,,,,,,,,,,,,,,,,,,,,,,,,,,,,,,,,,,,,,,,,,,,,,,,,,,,,,,,,,,,,,,,,,,,,,31688000.0,59488000.0,,,,,,,,,,,,,,,,,,,,,,,,,,,,,,,,,,,0.39,0.39,0.292,,,,,,,,,,208718000,,,,,,,,,,,,,,,,,,,,,,,,,,,,,,,,,,,,,,,,,,,,,,,,,,,,,,,,0.0,4381458000.0,,,,,,,,,,,,,,,165661000.0,,1.23,1.22,,,,,4232000.0,,57567000.0,,,,,-105719000.0,,,-28680000.0,-535348000.0,,,,,28622000.0,,619000.0,,,,,-103949000.0,,,,,,,2772777000.0,,,,,,,,,,,,,,,,,,,,,12360533000,1988491000,,,,,,,,,,,,,,,,,,,,,,,,,,,-23780000.0,,,,,,,,,,,,,,,,,,,,,,,,,,,163662000,,,,,,,3254000.0,,,50513000.0,,9000000.0,,,,,,,,,,,,,,,,,123000000.0,374640000,,45836000.0,2962000.0,,,,,,,,,,,,,1214995000.0,,50427000.0,,,,,294000000.0,,,,,,,,,,,,,,,,,,,,,,,,,1234400000.0,,,,,,,,,,,,,,,,,,4776040000,,,,,,1298094000.0,,,,218318000.0,,,,,,,,,,,,,,,,,,,,,,,,,,,,,,,,,,,,,30929000.0,,,,4782298000.0,5799000000.0,,,,,,,,,,,,,,48485000.0,,,,,,,,,,,,,,,,,,,,309486000.0,,,,,,,,,,,,,,,,,,,,,,,,,,,,,,,1
79,1228524000,,,356126000,,,,,,1449667000,,,,-29000000.0,,12443000.0,,,,,,,,12779956000.0,4453946000,,,,,,,,,,,,,,,,,,,,2484464000.0,,,,,,,,393000.0,,,,,,,,,,,,,,,,7594000.0,,,,114605000.0,,197607000.0,,,,,,,,0.01,1000000000.0,321170573,302370072,3212000.0,400097000.0,,,,,,2689785000.0,,,,,,,,,2721000000.0,,,,,,,,,,,,,,,,,,,,,,,,,,,,,,,,,,,,,,,,,,,,,,,,,,,,,,,,,,,,,,,,,,,,,,,,,,,,,,,,,,,,,,,84217000.0,198334000.0,,,,,,,,,,,,,,,,,,,,,,,,,,,,,,,,,,,1.39,1.38,0.277,,,,,,,,,,202333000,,,,,,,,,,,,,,,,,,,,,,,,,,,,,,,,,,,,,,,,,,,,,,,,,,,,,,,,0.0,4381458000.0,,,,,,,,,,,265913000.0,,,,381125000.0,,0.4,0.4,,,,,-32277000.0,,132441000.0,,,22014000.0,,-64032000.0,,,-65051000.0,-433072000.0,,,,,-93588000.0,1536000.0,,,,,,-31976000.0,,,13772000.0,,,,2772777000.0,,,,,,,,,,,,,,,,,,,,,12665457000,2436626000,,,,,,,,,,,,,,,,,,,,,,,,,,,-86117000.0,,,,,,,,,,,,,,,,,,,,,,,,,,,169895000,,,,,,,5660000.0,,,-50930000.0,,,,,,,,,,,,,,,,,,,89000000.0,369546000,,36610000.0,1550000.0,,,,,,,,,,,,,1214995000.0,,207074000.0,,,,,296000000.0,,,,,,,,,,,,,,,,,,,,,,,,,1234400000.0,,1285802000.0,,,,,,,,,,,,,,,,5041953000,,,,,,,,,,472471000.0,,,,,,,,,,,,,,,,,,,,,,,,,,,,,,,,,,,,,30000000.0,,,,4782298000.0,,,,,,,,,,,,,,,-56679000.0,,,,,,,,,,,,,,,,,,,,309778000.0,,,,,,,,,,,,,,,,,,,,,,,,,,,,,,,1
80,1191250000,,,363891000,,,,,-94624000.0,1458993000,,,,7792000.0,,,,,,,,,,12779956000.0,4168534000,,,,,,,,,,,,,,,,,,,,10070904000.0,,,,,,,,,,,,,,,,,,,,,,,,,,,,114605000.0,,-196794000.0,,,,,,,,0.01,1000000000.0,321260012,296287913,3212000.0,,,,,,,2560029000.0,,,,,,,,,2369000000.0,,,,,,,,,,,,,,,,,,,,,,,,,,,,,,,,,,,,,,,,,,,,,,,,,,,,,,,,,,,,,,,,,,,,,,,,,,,,,,,,,,,,,,,84189000.0,,,,,,,,,,,,,,,,,,,,,,,,,,,,,,,,,,,,,,,,,,,,,,,-9702000.0,214288000,,,,,,,,,,,,,,,,,,,,,,,,,,,,,,,,,,,,,,,,,,,,,,,,,,,,,,,,,4381458000.0,,,,,,,,,,,266000000.0,,,,373919000.0,,0.36,0.35,,,,,,,123390000.0,,,,,,,,-65000000.0,,,,,,,1543000.0,,,,,,-32104000.0,,,,,,,2772777000.0,,,,,,,,,,,,,,,,,,,,,12438059000,2278156000,,,,,,,,,,,,,,,,,,,-689694000.0,-160089000.0,965171000.0,,,,,,,,,,,,,,,,,,,,,,,,,,,,,,,,,189201000,,,,,,,,,,,,1000000.0,,,,,,,,,,,,,,,,,150000000.0,380427000,,37000000.0,3351000.0,,,,,,,,,,,,,1214995000.0,,,,,,,296000000.0,,,,,,,,,,,,,,,,,,,,,,,,,1234400000.0,,1223197000.0,,,,,,,,,,,,,,,,5346577000,,,,,,,,,,468404000.0,,,,,,,,,,,,,,,,,,,,,,,,,,,,,,,,,,,,,30000000.0,,,,,5605000000.0,,,,,,,,,,,,,,,,,,,,,,,,,,,,,,,,,,309671000.0,306690000.0,,,,,,,,,,,,,,,,,,,,,,,,,,,,,,1
81,1262976000,,,332046000,,,,,-94624000.0,1465346000,,,,8000000.0,,5158000.0,,,,,,,,,4259398000,,,,,,,,,,,,,,,,,,,,2720790000.0,,,,,,,,,,,,,,,,,,,,,,,,7200000.0,,,,,,278000000.0,,,,,,,,0.01,1000000000.0,321553252,292243742,3215000.0,242280000.0,,,,,,1528746000.0,,,,,,,,,2447000000.0,,,,,,,,,,,,,,,,,,,,,,,,,,,,,,,,,,,,,,,,,,,,,,,,,,,,,,,,,,,,,,,,,,,,,,,,,,,,,,,,,,,,,,,52529000.0,206086000.0,,,,,,,,,,,,,,,,,,,,,,,,,,,,,,,,,,,0.31,0.31,0.283,,,,,,,,,,255899000,,,,,,,,,,,,,,,,,,,,,,,,,,,,,,,,,,,,,,,,,,,,,,,,,,,,,,,,0.0,,,,,,,,2075402000.0,,,,570537000.0,,,,215464000.0,,0.36,0.35,,,,,,,74874000.0,,,24452000.0,,-64000000.0,,,60000000.0,-433000000.0,,,,,-94000000.0,1385000.0,,,,,,-136274000.0,,,55910000.0,,,,,,,,,,,,,,,,,,,,,,,,,12460860000,2322259000,,,,,,,,,,,,,,,,,,,,,,311623000.0,,,,,,,,,,,,,,,530180000.0,,,,,,,,,,,,,,,,,208731000,,,,,,,2406000.0,,,-101443000.0,,,,,,,,,,,,,,,,,,,,378385000,,4000000.0,-1339000.0,,,,,,,,,,,,,,,,,,,,253000000.0,,,,,,,,,,,,,,,,,,,,,,,,,,,1131132000.0,,,,,,,,,,,,,,,,5630632000,,,,,,5062528000.0,,,,254153000.0,,,,,,,,,,,,,,,,,,,,,,,,,,,,,,,,,,,,,30000000.0,,,,4799482000.0,5605000000.0,,,,,,,,,,,,,,-105164000.0,,,,,,,,,,,,,,,,,,,,,,,,,,,,,,,,,,,,,,,,,,,,,,,,,,,1
82,1176015000,,,271406000,,,,,,1474093000,,,,16793000.0,,17582000.0,,,,,,,,,4254368000,,,,,,,,,,,,,,,,,,,,,,,,,,,,-96000.0,,,,,,,,,,,,,,,,,,,,,,17000000.0,,,,,,,,0.01,1000000000.0,321577788,287015364,3215000.0,,,,,,,1398990000.0,,,,,,,,,2662000000.0,,,,,,,,,,,,,,,,,,,,,,,,,,,,,,,,,,,,,,,,,,,,,,,,,,,,,,,,,,,,,,,,,,,,,,,,,,,,,,,,,,,,,,,52501000.0,50604000.0,,,,,,,,,,,,,,,,,,,,,,,,,,,,,,,,,,,0.37,0.36,,,,,,,,,,-904000.0,260827000,,,,,,,,,,,,,,,,,,,,,,,,,,,,,,,,,,,,,,,,,,,,,,,,,,,,,,,,1000000.0,,,,,,,,,,,,571000000.0,,,,208258000.0,,,,,0.0,,,516000.0,,70262000.0,,,,,331383000.0,,,,13469000.0,,,,,197594000.0,1498000.0,,,,,,,,,,,,,,,,,,,,,,,,,,,,,,,,,,12606154000,2165446000,,,,,,,,,,,,,,,,,,,-600669000.0,-264853000.0,1064033000.0,,,,,,-22942000.0,,,,,,,,,,,,,,,,,,,,,,,,,,,224972000,,,,,,,,,,,,35000000.0,,,,,,,,,,,,,,,,,,364373000,,,462000.0,,,,,,,,,,,,,,,-24156000.0,,,,,255000000.0,,,,,,,,,,,,,,,,,,,,,,,,,,,1131132000.0,,,,,,,,,,,,,,,,5793515000,,,,,,,,,,250086000.0,,,,,,,,,,,,,,,,,,,,,,,,,,,,,,,,,,,,,30000000.0,,,,4840489000.0,5277000000.0,,,,,,,,,,,,,,,,,,,,,,,,,,,,,,,,,,310036000.0,307190000.0,,,,,,,,,,,,,,,,,,,,,,,,,,,,,,1
83,1176000000,,,271000000,,,,,,1474000000,,,,17000000.0,,,,,,,,,,12354070000.0,4254000000,,,,,,,,,,,,,,,,,,,,,,,,,,,,,,,,,,,,,,,,,,,,8339000.0,,,,,,91000000.0,,,,,,,,,,321600000,287000000,3000000.0,579136000.0,,,,,,4193203000.0,,,,,,,,,2662000000.0,,,,,,,,,,,,,,,,,,,,,,,,,,,,,,,,,,,,,,,,,,,,,,,,,,,,,,,,,,,,,,,,,,,,,,,,,,,,,,,,,,,,,,,137233000.0,,,,,,,,,,,,,,,,,,,,,,,,,,,,,,,,,,,,0.37,0.36,0.282,,,,,,,,,,261000000,,,,,,,,,,,,,,,,,,,,,,,,,,,,,,,,,,,,,,,,,,,,,,,,,,,,,,,,,4354306000.0,,,,,,,,,,,304624000.0,,,,560343000.0,,1.49,1.47,,,,,,,182751000.0,,,210952000.0,,331000000.0,,,74000000.0,13000000.0,,,,,198000000.0,1211000.0,,,,,,,,,97858000.0,,,,2718630000.0,,,,,,,,,,,,,,,,,,,,,12606000000,2165000000,,,,,,,,,,,,,,,,,,,,,,,,,,,,,,,,,,,,,,,,,,,,,,,,,,,,,,225000000,,,,,,,5964000.0,,,-69660000.0,,,,,,,,,,,,,,,,,,,,365000000,,9000000.0,4829000.0,,,,,,,,,,,,,4785000.0,,-3598000.0,,,,,247000000.0,,,,,,,,,,,,,,,,,,,,,,,,,1202329000.0,,1131132000.0,,,,,,,,,,,,,,,,5794000000,,,,,,,,,,735843000.0,,,,,,,,,,,,,,,,,,,,,,,,,,,,,,,,,,,,,32000000.0,,,,4817767000.0,5467000000.0,,,,,,,,,,,,,,-77630000.0,,,,,,,,,,,,,,,,,,,,,,,,,,,,,,,,,,,,,,,,,,,,,,,,,,,1
84,1176000000,,,271000000,,,,,-49217000.0,1474000000,,,,9001000.0,,5139000.0,,,,,,,,12035299000.0,4254000000,,,,,,,,,,,,,,,,,,,,,,,,,,,,-428000.0,,,,,,,,,,,,,,,,,,,,,,53000000.0,,,,,,,,,,321600000,287000000,3000000.0,,,,,,,3911928000.0,,,,,,,,,2740000000.0,,,,,,,,,,,,,,,,,,,,,,,,,,,,,,,,,,,,,,,,,,,,,,,,,,,,,,,,,,,,,,,,,,,,,,,,,,,,,,,,,,,,,,,137168000.0,106606000.0,,,,,,,,,,,,,,,,,,,,,,,,,,,,,,,,,,,0.83,0.82,,,,,,,,,,,261000000,,,,,,,,,,,,,,,,,,,,,,,,,,,,,,,,,,,,,,,,,,,,,,,,,,,,,,,,,4409925000.0,,,,,,,545673000.0,,,,305000000.0,,,,533569000.0,,,,,,,,-2133000.0,,173225000.0,,,,,284472000.0,,,63000000.0,-7284000.0,,,,,161334000.0,,,,,,,-25931000.0,,,,,,,2288293000.0,,,,,,,,,,,,,,,,,,,,,12606000000,2165000000,,,,,,,,,,,,,,,,,,,,,,77864000.0,,,,,-41730000.0,,,,,,,,,,133819000.0,,,,,,,,,,,,,,,,,225000000,,,,,,,,,,,,,,,,,,,,,,,,,,,,,,365000000,,22000000.0,4361000.0,,,,,,,,,,,,,,,44398000.0,,,,,230000000.0,,,,,,,,,,,,,,,,,,,,,,,,,1196505000.0,,1131132000.0,,,,,,,,,,,,,,,,5794000000,,,,,,1316689000.0,,,,726736000.0,,,,,,,,,,,,,,,,,,,,,,,,,,,,,,,,,,,,,30000000.0,,,,5008876000.0,5467000000.0,,,,,,,,,,,,,,,,,,,,,,,,,,,,,,,,,,309784000.0,306897000.0,,,,,,,,,,,,,,,,,,,,,,,,,,,,,,1
85,1176000000,,,271000000,,,,,-49217000.0,1474000000,,,,9000000.0,,22832000.0,,,,,,,,12161212000.0,4254000000,,,,,,,,,,,,,,,,,,,,,,,,,,,,,,,,,,,,,,,,,,,,18841000.0,,,,,,-9000000.0,,,,,,,,,,321600000,287000000,3000000.0,179039000.0,,,,,,1503418000.0,,,,,,,,,,,,,,,,,,,,,,,,,,,,,,,,,,,,,,,,,,,,,,,,,,,,,,,,,,,,,,,,,,,,,,,,,,,,,,,,,,,,,,,,,,,,,,,,53016000.0,,,,,,,,,,,,,,,,,,,,,,,,,,,,,,,,,,,,0.47,0.46,,,,,,,,,,-11746000.0,261000000,,,,,,,,,,,,,,,,,,,,,,,,,,,,,,,,,,,,,,,,,,,,,,,,,,,,,,,,,4309822000.0,,,,,,,,,,,854592000.0,,,,179218000.0,,,,,,,,,,56797000.0,,,248083000.0,,284000000.0,,,33000000.0,-7000000.0,,,,,161000000.0,,,,,,,,,,106866000.0,,,,2245846000.0,,,,,,,,,,,,,,,,,,,,,12606000000,2165000000,,,,,,,,,,,,,,,,,,,-334739000.0,-44872000.0,194563000.0,,,,,,41730000.0,,,,,,,,,,,,,,,,,,,,,,,,,,,225000000,,,,,,,304000.0,,,-18730000.0,,,,,,,,,,,,,,,,,,,,365000000,,14000000.0,3279000.0,,,,,,,,,,,,,14767000.0,,,,,,,230000000.0,,,,,,,,,,,,,,,,,,,,,,,,,1204766000.0,,,,,,,,,,,,,,,,,,5794000000,,,,,,,,,,263372000.0,,,,,,,,,,,,,,,,,,,,,,,,,,,,,,,,,,,,,31000000.0,,,,5008876000.0,5705000000.0,,,,,,,,,,,,,,-20951000.0,,,,,,,,,,,,,,,,,,,,,,,,,,,,,,,,,,,,,,,,,,,,,,,,,,,1
86,1176000000,,,271000000,,,,,,1474000000,,,,24989000.0,,,,,,,,,,12360533000.0,4254000000,,,,,,,,,,,,,,,,,,,,,,,,,,,,-332000.0,,,,,,,,,,,,,,,,,,,,,,-5000000.0,,,,,,,,,,321600000,287000000,3000000.0,,,,,,,1351899000.0,,,,,,,,,,,,,,,,,,,,,,,,,,,,,,,,,,,,,,,,,,,,,,,,,,,,,,,,,,,,,,,,,,,,,,,,,,,,,,,,,,,,,,,,,,,,,,,,52979000.0,56002000.0,,,,,,,,,,,,,,,,,,,,,,,,,,,,,,,,,,,0.47,0.46,0.263,,,,,,,,,,261000000,,,,,,,,,,,,,,,,,,,,,,,,,,,,,,,,,,,,,,,,,,,,,,,,,,,,,,,,,4406535000.0,,,,,,,651884000.0,,,,855000000.0,,,,159650000.0,,0.31,0.31,,648000.0,,,-2649000.0,,49835000.0,,,,,378170000.0,,,52000000.0,52854000.0,,,,,133767000.0,,,,,,,-51547000.0,,,,,,,2414612000.0,,,,,,,,,,,,,,,,,,,,,12606000000,2165000000,,,,,,,,,,,,,,,,,,,,,,104653000.0,,,,,-18788000.0,,,,,,,,,,173834000.0,,,,,,,,,,,,,,,,,225000000,,,,,,,,,,,,,,,,,,,,,,,,,,,,,,365000000,,-11000000.0,1010000.0,,,,,,,,,,,,,,,91545000.0,,,,,291000000.0,,,,,,,,,,,,,,,,,,,,,,,,,1248703000.0,,,,,,,,,,,,,,,,,,5794000000,,,,,,1625777000.0,,,,258332000.0,,,,,,,,,,,,,,,,,,,,,,,,,,,,,,,,,,,,,32000000.0,,,,5008876000.0,,,,,,,,,,,,,,,,,,,,,,,,,,,,,,,,,,,,,,,,,,,,,,,,,,,,,,,,,,,,,,,,,,1
87,1370000000,,,330000000,,,,,,1482000000,,,,25000000.0,,,,,,,,,,12360533000.0,4682000000,,,,,,,,,,,,,,,,,,,,,,,,,,,,,,,,,,,,,,,,,,,,19000000.0,,,,175492000.0,,,,,,,,,,0.01,1000000000.0,322000000,284700000,3000000.0,730443000.0,,,,,,5232328000.0,,,,,,,,,,,,,,,,,,,,,,,,,,,,,,,,,,,,,,,,,,,,,,,,,,,,,,,,,,,,,,,,,,,,,,,,,,,,,,,,,,,,,,,,,,,,,,,,191433000.0,,,,,,,,,,,,,,,,,,,,,,,,,,,,,,,,,,,,1.23,1.22,,,,,,,,,,-5358000.0,219000000,,,,,,,,,,,,,,,,,,,,,,,,,,,,,,,,,,,,,,,,,,,,,,,,,,,,,,,,,4406535000.0,,,,,,,651884000.0,,,,284055000.0,,,,677281000.0,,,,,1000000.0,,,,,220566000.0,,,248000000.0,,378000000.0,,,,53000000.0,,,,,134000000.0,,,,,,,,,,107000000.0,,,,2414612000.0,,,,,,,,,,,,,,,,,,,,,12778000000,2495000000,,,,,,,,,,,,,,,,,,,-890154000.0,-75971000.0,913052000.0,104653000.0,,,,,18788000.0,,,,,,,,,,173834000.0,,,,,,,,,,,,,,,,,219000000,,,,,,,350000.0,,,-109819000.0,,,,,,,,,,,,,,,,,,,,349000000,,,2247000.0,,,,,,,,,,,,,14517000.0,,,,,,,,,,,,,,,,,,,,,,,,,,,,,,,,1248703000.0,,1168626000.0,,,,,,,,,,,,,,,,5995000000,,,,,,1625777000.0,,,,986380000.0,,,,,,,,,,,,,,,,,,,,,,,,,,,,,,,,,,,,,,,,,5008876000.0,,,,,,,,,,,,,,,-108523000.0,,,,,,,,,,,,,,,,,,,,310300000.0,308028000.0,,,,,,,,,,,,,,,,,,,,,,,,,,,,,,1
88,1457000000,,,337000000,,,,,-82088000.0,1492000000,,,,8196000.0,,5982000.0,,,,,,,,12360533000.0,4331000000,,,,,,,,,,,,,,,,,,,,,,,,,,,,-575000.0,,,,,,,,,,,,,,,,9127000.0,,,,,,,,,,,,,,0.01,1000000000.0,322000000,276600000,3000000.0,,,,,,,,,,,,,,,,,,,,,,,,,,,,,,,,,,,,,,,,,,,,,,,,,,,,,,,,,,,,,,,,,,,,,,,,,,,,,,,,,,,,,,,,,,,,,,,,,,,,,,,,166508000.0,,,,,,,,,,,,,,,,,,,,,,,,,,,,,,,,,,,,,0.263,,,,,,,,,,203000000,,,,,,,,,,,,,,,,,,,,,,,,,,,,,,,,,,,,,,,,,,,,,,,,,,,,,,,,,4406535000.0,,,,,,,,,,,284000000.0,,,,,,0.46,0.45,,4000000.0,,,1980000.0,,,,,116135000.0,,283185000.0,,,,234514000.0,,,,,16234000.0,,,,,,,-25616000.0,,,5751000.0,,,,2414612000.0,,,,,,,,,,,,,,,,,,,,,12134000000,2485000000,,,,,,,,,,,,,,,,,,,,,,,,,,,-62932000.0,,,,,,,,,,,,,,,,,,,,,,,,,,,205000000,,,,,,,,,,,,,,,,,,,,,,,,,,,,,,324000000,,,,,,,,,,,,,,,,,,47147000.0,,,,,,,,,,,,,,,,,,,,,,,,,,,,,,1248703000.0,,1125816000.0,,,,,,,,,,,,,,,,6344000000,,,,,,,,,,,,,,,,,,,,,,,,,,,,,,,,,,,,,,,,,,,,,,,32000000.0,,,,,,,,,,,,,,,,,,,,,,,,,,,,,,,,,,,,,,,,,,,,,,,,,,,,,,,,,,,,,,,,,,,,,,1
89,1356000000,,,309000000,,,,,,1499000000,,,,8000000.0,,,,,,,,,,12360533000.0,4202000000,,,,,,,,,,,,,,,,,,,,,,,,,,,,,,,,,,,,,,,,,,,,8878000.0,,,,143423000.0,,,,,,,,,,0.01,1000000000.0,322300000,270100000,3000000.0,,,,,,,,,,,,,,,,,,,,,,,,,,,,,,,,,,,,,,,,,,,,,,,,,,,,,,,,,,,,,,,,,,,,,,,,,,,,,,,,,,,,,,,,,,,,,,,,,,,,,,,,,,,,,,,,,,,,,,,,,,,,,,,,,,,,,,,,,,,0.4,0.4,,,,,,,,,,9100000.0,224000000,,,,,,,,,,,,,,,,,,,,,,,,,,,,,,,,,,,,,,,,,,,,,,,,,,,,,,,,,4406535000.0,,,,,,,,,,,1090225000.0,,,,,,0.46,0.45,,,,,,,,,,116000000.0,,283000000.0,,,,235000000.0,,,,,16000000.0,,,,,,,,,,6000000.0,,,,2414612000.0,,,,,,,,,,,,,,,,,,,,,11666000000,2351000000,,,,,,,,,,,,,,,,,,,-1150783000.0,-106433000.0,1134641000.0,,,,,,,,,,,,,,,,,,,,,,,,,,,,,,,,,198000000,,,,,,,,,,,,,,,,,,,,,,,,,,,,,,312000000,,,,,,,,,,,,,,,,27296000.0,,,,,,,,,,,,,,,,,,,,,,,,,,,,,,,,1248703000.0,,1174504000.0,,,,,,,,,,,,,,,,6536000000,,,,,,,,,,2359110000.0,,,,,,,,,,,,,,,,,,,,,,,,,,,,,,,,,,,,,,,,,4957835000.0,,,,,,,,,,,,,,,,,,,,,,,,,,,,,,,,,,,310349000.0,308218000.0,,,,,,,,,,,,,,,,,,,,,,,,,,,,,,1
90,1339000000,,,294000000,,,,,-105470000.0,1506000000,,,,33736000.0,,11844000.0,,,,,,,,,4258000000,,,,,,,,,,,,,,,,,,,,,,,,,,,,-147000.0,,,,,,,,,,,,,,,,11241000.0,,,,,,,,,,,,,,0.01,1000000000.0,322400000,267300000,3000000.0,203473000.0,,,,,,1412750000.0,,,,,,,,,,,,,,,,,,,,,,,,,,,,,,,,,,,,,,,,,,,,,,,,,,,,,,,,,,,,,,,,,,,,,,,,,,,,,,,,,,,,,,,,,,,,,,,,48656000.0,59902000.0,,,,,,,,,,,,,,,,,,,,,,,,,,,,,,,,,,,,,0.257,,,,,,,,,,218000000,,,,,,,,,,,,,,,,,,,,,,,,,,,,,,,,,,,,,,,,,,,,,,,,,,,,,,,,,,,,,,,,1322943000.0,,,,1090000000.0,,,,212750000.0,,,,,4000000.0,,,4113000.0,,72155000.0,,,226400000.0,,309000000.0,,,,98000000.0,,,,,230000000.0,,,,,,,-76729000.0,,,45184000.0,,,,,,,,,,,,,,,,,,,,,,,,,12038000000,2271000000,,,,,,,,,,,,,,,,,,,,,,209535000.0,,,,,-21202000.0,,,,,,,,,,347430000.0,,,,,,,,,,,,,,,,,204000000,,,,,,,-2737000.0,,,-15904000.0,,,,,,,,,,,,,,,,,,,,283000000,,,1046000.0,,,,,,,,,,,,,,,135537000.0,,,,,,,,,,,,,,,,,,,,,,,,,,,,,,,,1073389000.0,,,,,,,,,,,,,,,,6656000000,,,,,,3334909000.0,,,,267227000.0,,,,,,,,,,,,,,,,,,,,,,,,,,,,,,,,,,,,,,,,,5118506000.0,,,,,,,,,,,,,,,-9895000.0,,,,,,,,,,,,,,,,,,,,,,,,,,,,,,,,,,,,,,,,,,,,,,,,,,,1
91,1339000000,,,294000000,,,,,-105470000.0,1506000000,,,,34000000.0,,,,,,,,,,12665457000.0,4258000000,,,,,,,,,,,,,,,,,,,,,,,,,,,,,,,,,,,,,,,,,,,,14173000.0,,,,137086000.0,,,,,,,,,,,,322400000,267300000,,,,,,,,,,,,,,,,,,,,,,,,,,,,,,,,,,,,,,,,,,,,,,,,,,,,,,,,,,,,,,,,,,,,,,,,,,,,,,,,,,,,,,,,,,,,,,,,,,,,,,,,,,,,,,,,,,,,,,,,,,,,,,,,,,,,,,,,,,,,1.51,1.5,,,,,,,,,,11865000.0,218000000,,,,,,,,,,,,,,,,,,,,,,,,,,,,,,,,,,,,,,,,,,,,,,,,,,,,,,,,,,,,,,,,,,,,269000000.0,,,,,,0.95,0.94,,0.0,,,,,,,,226000000.0,,,,,,,,,,,,,,,,,,,,,45000000.0,,,,2392714000.0,,,,,,,,,,,,,,,,,,,,,12038000000,2271000000,,,,,,,,,,,,,,,,,,,-1512551000.0,-165887000.0,1443870000.0,,,,,,,,,,,,,,,,,,,,,,,,,,,,,,,,,204000000,,,,,,,,,,,,,,,,,,,,,,,,,,,,,,283000000,,,,,,,,,,,,,,,,,,,,,,,,,,,,,,,,,,,,,,,,,,,,,,,,1204643000.0,,1073389000.0,,,,,,,,,,,,,,,,6656000000,,,,,,,,,,642817000.0,,,,,,,,,,,,,,,,,,,,,,,,,,,,,,,,,,,,,,,,,5388188000.0,,,,,,,,,,,,,,,,,,,,,,,,,,,,,,,,,,,310396000.0,308407000.0,,,,,,,,,,,,,,,,,,,,,,,,,,,,,,1
92,1371000000,,,324000000,,,,,-105470000.0,1510000000,,,,13000000.0,,6000000.0,,,,,,,,12438059000.0,4623000000,,,,,,,,,,,,,,,,,,,,,,,,,,,,585000.0,,,,,,,,,,,,,,,,14000000.0,,,,,,,,,,,,,,0.01,1000000000.0,322800000,267600000,3000000.0,259037000.0,,,,,,2906152000.0,,,,,,,,,,,,,,,,,,,,,,,,,,,,,,,,,,,,,,,,,,,,,,,,,,,,,,,,,,,,,,,,,,,,,,,,,,,,,,,,,,,,,,,,,,,,,,,,102301000.0,230203000.0,,,,,,,,,,,,,,,,,,,,,,,,,,,,,,,,,,,,,0.236,,,,,,,,,,214000000,,,,,,,,,,,,,,,,,,,,,,,,,,,,,,,,,,,,,,,,,,,,,,,,,,,,,,,,,4334725000.0,,,,,,,671059000.0,,,,,,,,438535000.0,,,,,5000000.0,,,5012000.0,,148017000.0,,,337149000.0,,412000000.0,,,,259000000.0,,,,,186000000.0,,,,,,,-25182000.0,,,52889000.0,,,,2394147000.0,,,,,,,,,,,,,,,,,,,,,12508000000,2412000000,,,,,,,,,,,,,,,,,,,,,,104882000.0,,,,,-80691000.0,,,,,,,,,,173596000.0,,,,,,,,,,,,,,,,,198000000,,,,,,,-8387000.0,,,-13603000.0,,,,,,,,,,,,,,,,,,,,289000000,,,3777000.0,,,,,,,,,,,,,7220000.0,,43992000.0,,,,,,,,,,,,,,,,,,,,,,,,,,,,,,1207156000.0,,1073389000.0,,,,,,,,,,,,,,,,6852000000,,,,,,1709132000.0,,,,546169000.0,,,,,,,,,,,,,,,,,,,,,,,,,,,,,,,,,,,,,,,,,5655718000.0,,,,,,,,,,,,,,,-4293000.0,,,,,,,,,,,,,,,,,,,,,,,,,,,,,,,,,,,,,,,,,,,,,,,,,,,1
